-5120,6044,-53246
-5120,6044,-53246
-5120,6044,-53246
-5120,6044,-53246
-5120,6044,-53246
-5120,6044,-53246
-5120,6044,-53246
-5120,6044,-53246
-5428,6044,-48574
-6654,6044,-34854
-7852,6044,-20574
-8574,6044,-6086
-7946,6044,8002
-7184,6044,21346
-6670,6044,34066
-6224,6044,45938
-5816,6044,56890
-5424,6044,66874
-4870,7708,75666
-4138,8000,83210
-3458,8008,89754
-2950,7816,96642
-2436,7188,101634
-1906,6108,106258
775332,233473,-1047478
711330,214645,-995886
705850,205761,-999398
681316,172033,-1020590
677846,172033,-1021334
671434,172033,-1021102
668576,172033,-1019358
666020,172033,-1016422
658730,172033,-1001790
657492,172033,-998774
602508,139205,-783558
598858,126961,-767582
484896,182277,114194
482658,182273,131722
475768,182273,174906
473472,182273,187706
471224,182273,199882
469058,182273,211354
466988,182273,222034
465048,182273,231962
463244,182273,241090
461574,182273,249394
460040,182273,256834
458668,182273,263514
431222,173829,409058
427442,166649,429218
423814,157505,448362
420340,146541,466642
417084,133885,484306
414226,119669,501674
411704,104005,518698
409380,87005,535234
401550,59397,606170
399848,59985,625946
398384,62405,646194
397280,65793,667802
388772,140525,860762
388744,139069,858354
389136,138625,856970
386706,141313,1043634
383668,141313,1058570
380324,141313,1070242
376896,141313,1079850
373678,141313,1088930
370680,141313,1097514
367948,141313,1105826
365510,141313,1113978
363272,141313,1121490
361142,141313,1127874
359140,141313,1133202
357290,141313,1137554
355656,141313,1141338
354232,141313,1144538
349936,141313,1151258
241766,150489,1192890
235878,157265,1193962
230172,161029,1194882
224614,161997,1195730
219244,160369,1197082
214106,156337,1199682
209132,150077,1202762
204292,141757,1205826
197558,141313,1209842
193742,141313,1211978
188724,141313,1214738
24404,170441,1318362
18584,173089,1316322
13158,173001,1312090
8238,170377,1306114
3734,165409,1299042
-13120,141312,1262594
-16928,141312,1243946
-18516,141312,1233810
-20132,141312,1223834
-21806,141312,1214506
-23422,141312,1205962
-24904,141312,1198114
-26220,141312,1190930
-28880,141312,1172954
-30514,141312,1158378
-32222,141312,1154746
-33572,141312,1193138
-26030,141312,1221802
-22620,141312,1220482
-20260,141312,1211746
-19064,141312,1200546
-18386,141312,1189578
-18008,141312,1179354
-17692,141312,1170082
-17394,141312,1161810
-17110,141312,1154562
-16822,141312,1148322
-16316,141564,1135666
-23810,141312,1153842
-35094,141312,1180866
-35666,141312,1171274
-33684,141312,1148762
-31816,141840,1129162
-30976,142204,1120634
-30198,142532,1113018
-29490,142816,1106346
-28874,143064,1100570
-28338,143284,1095458
-27768,143856,1082074
-28872,143648,1086922
-19120,141312,1156378
-15764,141312,1156330
-12878,141312,1151650
-11294,141312,1141874
-10798,141752,1131306
-10488,142168,1121570
-10158,142544,1112850
-10086,142876,1105050
-10274,143164,1098290
-10478,143416,1092442
-10652,143640,1087186
-11404,144096,1010258
-26308,-2048,962801
-26308,-2048,962801
-26308,-2048,962801
-26308,-2048,962801
-26308,-2048,962801
-26308,-2048,962801
-26308,-2048,962801
-26308,-2048,962801
-26308,-2048,962801
-26308,-2048,962801
-26308,-2048,962801
-26308,-2048,962801
-26512,-2048,962329
-32794,-2048,949625
-40172,-2048,930561
-42668,-2048,917921
-43522,-2048,902489
-44234,-2048,887257
-45096,-2048,872609
-46132,-2048,858817
-47106,-2048,845753
-48006,-2048,833513
-48792,-2048,822105
-49370,-2048,811489
-49432,-2048,778169
-44486,-2048,833529
-43408,-2048,847809
-42272,-2048,861969
-40628,-2048,874937
-38180,-2048,884313
-35318,-2048,881953
-33792,-2048,871281
-33616,-2048,859841
-33914,-2048,849321
-34224,-2048,839801
-34582,-2048,831313
-34934,-2048,823857
-35328,-2048,817465
-33254,-2048,856457
-28852,-2048,896657
-27942,-2048,920073
-30698,-2048,923201
-33176,-2048,918633
-34478,-2048,910065
-34542,-2048,893089
-34104,-2048,886217
-33698,-2048,880313
-31820,-2048,867841
-24436,-2048,924377
-21236,-2048,930649
-14572,-2048,903265
-16032,-2048,880329
-18722,-2048,863257
-19904,-2048,856065
-21962,-2048,844529
-22840,-2048,839985
-25858,-2048,859209
-25858,-2048,859209
-25858,-2048,859209
-25858,-2048,859209
-25858,-2048,859209
-25858,-2048,859209
-25858,-2048,859209
-25858,-2048,859209
-25858,-2048,859209
-25832,-2048,859257
-24700,-2048,859425
-21936,-2048,860105
-17556,-2048,861841
25144,-2047,794345
28652,-2047,778841
31680,-2047,764393
34432,-2047,750785
37040,-2047,737857
39578,-2047,725505
42042,-2047,713825
44034,-2047,701809
44802,-2047,688657
44718,-2047,676033
44504,-2047,664393
44324,-2047,653753
44186,-2047,644105
44086,-2047,635465
44034,-2047,627849
44032,-2047,621257
15362,-2047,707497
15236,-2047,719073
15224,-2047,733809
15554,-2047,751769
17780,-2047,779361
20100,-2047,791873
23928,-2047,805913
61178,-2047,828505
61178,-2047,828505
61178,-2047,828505
61178,-2047,828505
61178,-2047,828505
61178,-2047,828505
61178,-2047,828505
61178,-2047,828505
61178,-2047,828505
61178,-2047,828505
61178,-2047,828505
61178,-2047,828505
61178,-2047,828505
61178,-2047,828505
61178,-2047,828505
61178,-2047,828505
61178,-2047,828505
61178,-2047,828505
61178,-2047,828505
61178,-2047,828505
61178,-2047,828505
61178,-2047,828505
61178,-2047,828505
61178,-2047,828505
61178,-2047,828505
61178,-2047,828505
61178,-2047,828505
61178,-2047,828505
61178,-2047,828505
61178,-2047,828505
61178,-2047,828505
61178,-2047,828505
61178,-2047,828505
61178,-2047,828505
61178,-2047,828505
61178,-2047,828505
61178,-2047,828505
61178,-2047,828505
61178,-2047,828505
61178,-2047,828505
61178,-2047,828505
61178,-2047,828505
61178,-2047,828505
61178,-2047,828505
61178,-2047,828505
61178,-2047,828505
61178,-2047,828505
61178,-2047,828505
61178,-2047,828505
61178,-2047,828505
61178,-2047,828505
61178,-2047,828505
61178,-2047,828505
61178,-2047,828505
61178,-2047,828505
61178,-2047,828505
61178,-2047,828505
61178,-2047,828505
61178,-2047,828505
61178,-2047,828505
61178,-2047,828505
61178,-2047,828505
61178,-2047,828505
61178,-2047,828505
61178,-2047,828505
61178,-2047,828505
61178,-2047,828505
61178,-2047,828505
61178,-2047,828505
61178,-2047,828505
61178,-2047,828505
61178,-2047,828505
61178,-2047,828505
61178,-2047,828505
61178,-2047,828505
61178,-2047,828505
818176,241665,-1069054
818176,241665,-1069054
818176,241665,-1069054
818176,241665,-1069054
818176,241665,-1069054
818176,241665,-1069054
818176,241665,-1069054
818176,241665,-1069054
818176,241665,-1069054
818176,241665,-1069054
818176,241665,-1069054
818176,241665,-1069054
818176,241665,-1069054
818176,241665,-1069054
818176,241665,-1069054
818176,241665,-1069054
818176,241665,-1069054
818176,241665,-1069054
818176,241665,-1069054
818176,241665,-1069054
818176,241665,-1069054
818176,241665,-1069054
818176,241665,-1069054
818176,241665,-1069054
818176,241665,-1069054
818176,241665,-1069054
818176,241665,-1069054
-926,6044,-1646
976,6045,44514
2230,7265,72834
3836,7669,99562
4956,1401,117498
779576,233473,-1036582
776290,233473,-1029254
774178,233473,-1012398
698468,159253,-763158
680356,120833,-731222
675866,120833,-725662
670666,120833,-719438
414814,211401,175226
409086,214349,175034
325400,119649,299858
266792,125785,369322
217336,158217,443098
209194,150817,462154
201000,144317,480138
180350,135793,545322
175672,128613,560874
150256,104265,686890
149052,102685,700234
147870,101137,712634
146598,99469,723050
144710,94581,742106
57418,-2031,614481
45012,-2047,627841
34158,-2047,634769
30732,-2047,635225
-108838,31324,389634
-109258,40504,355978
-109258,40504,355978
-109258,40504,355978
-109256,40352,357354
-108872,29008,404186
-86950,-2044,590273
65543,-6028284,1840
7912,-2047,681985
13856,-2047,679129
17398,-2047,675633
67894,-2047,673129
246204,112049,564154
250914,112049,562242
254146,112049,561426
256582,112049,561090
261522,112049,560586
262776,112049,560458
263934,112049,560322
265032,112049,560066
266086,112049,559634
267108,112049,559066
268108,112049,558362
269094,112049,557586
270074,112049,556858
277238,115297,549834
280190,113229,546906
283806,112705,538970
285590,112073,529434
287686,112049,508594
287644,112081,504626
287270,112069,501306
285562,112029,492282
275238,117109,452666
270700,120613,439466
266480,120501,429290
262198,117801,421018
253226,112961,409522
235598,142449,384650
232130,145301,379786
231220,144709,381418
225262,144229,370882
221768,144229,365594
218350,144229,360722
215096,144229,355914
208964,144229,350370
206142,144229,351090
203590,144229,352778
201328,144229,355162
197578,144229,364554
270058,112049,411794
273410,112049,419914
282568,110425,480330
279714,112049,507434
275132,112049,515842
307064,66401,206666
309284,62737,203194
310478,61961,203634
310430,61673,207930
298722,83449,264722
293714,92101,279634
291880,95181,289098
282104,107733,366578
272804,118157,471426
270062,116649,493466
262754,112877,520258
258824,112057,517786
264552,112049,502978
269774,112049,481378
271394,112049,468946
271244,112049,457178
269038,112049,463634
267938,112049,470978
266920,112049,477922
265148,112049,490698
264392,112049,496386
263180,112049,506194
262670,112049,510578
247606,112049,545130
-57170,-2048,942489
-54242,-2048,980313
-46754,-2048,1038177
-44956,-2048,1050673
-43074,-2048,1061793
-36442,-2048,1053873
-57910,-2048,867681
-23804,-1096,744993
-15512,-1188,792161
-35300,-2048,974713
-39934,-2048,958537
-41082,-2048,949041
-41734,-2048,939633
-41750,-2048,930441
-41750,-2048,930441
-41750,-2048,930441
-41750,-2048,930441
-41750,-2048,930441
-41750,-2048,930441
-41750,-2048,930441
-41750,-2048,930441
-41750,-2048,930441
-41750,-2048,930441
-41750,-2048,930441
-41750,-2048,930441
-41750,-2048,930441
-41750,-2048,930441
-41750,-2048,930441
-41750,-2048,930441
-41750,-2048,930441
-41750,-2048,930441
-41750,-2048,930441
-41750,-2048,930441
-41750,-2048,930441
-41750,-2048,930441
-41750,-2048,930441
-41750,-2048,930441
-41750,-2048,930441
-41750,-2048,930441
-41750,-2048,930441
-41750,-2048,930441
-41750,-2048,930441
-41750,-2048,930441
-41750,-2048,930441
-41750,-2048,930441
-41750,-2048,930441
-41750,-2048,930441
-41750,-2048,930441
-41750,-2048,930441
-41750,-2048,930441
-41750,-2048,930441
-41750,-2048,930441
-41750,-2048,930441
-41750,-2048,930441
-41750,-2048,930441
-41750,-2048,930441
-41750,-2048,930441
818176,241665,-1069054
818176,241665,-1069054
818176,241665,-1069054
818176,241665,-1069054
818176,241665,-1069054
818176,241665,-1069054
818176,241665,-1069054
818176,241665,-1069054
818176,241665,-1069054
818176,241665,-1069054
818176,241665,-1069054
818176,241665,-1069054
818176,241665,-1069054
818176,241665,-1069054
818176,241665,-1069054
818176,241665,-1069054
818176,241665,-1069054
818176,241665,-1069054
818176,241665,-1069054
818176,241665,-1069054
818176,241665,-1069054
818176,241665,-1069054
818176,241665,-1069054
818176,241665,-1069054
818176,241665,-1069054
818176,241665,-1069054
818176,241665,-1069054
818176,241665,-1069054
818176,241665,-1069054
-2066,6044,858
-4126,6044,10730
-11708,6044,49866
-13512,8004,71290
792710,238697,-1119734
716836,210173,-1067222
697976,189317,-1073310
632618,144689,-710750
630170,133289,-691702
612922,120833,-686510
610354,122385,-701750
595282,120833,-848894
594842,120833,-855790
603588,120833,-756862
612378,123905,-712702
615682,123809,-703422
617138,123741,-700382
666024,120833,-699206
666030,120833,-697238
663806,120833,-700238
654650,120833,-709902
571180,120833,-728910
548314,120833,-693926
543000,120833,-651870
422428,170493,267066
378962,59393,338450
262108,124737,476290
159476,112049,666034
138988,67177,807074
96390,49301,871290
90476,41597,878930
84874,31969,886610
74470,7493,901818
62238,-2047,929833
57088,-2047,940113
29044,-2047,941009
15086,-2047,909905
9256,-2047,876881
7614,-2047,855233
8008,-2047,821953
8254,-2047,816105
14040,-2047,801729
19428,-2047,820953
18662,-2047,820177
16140,-2047,810913
14118,-2047,798377
9606,-2047,747849
7652,-2047,727641
6752,-2047,719001
-59314,26068,296834
-70840,74516,242330
-71412,74984,239506
-71732,70720,225034
-72738,62496,217298
15462,18133,50002
-80954,60972,63002
-34694,-2048,375905
-31806,-2048,439985
-29066,-2048,473169
-18144,-2048,524953
8076,-2047,696929
8076,-2047,696929
8076,-2047,696929
8076,-2047,696929
8076,-2047,696929
8076,-2047,696929
8076,-2047,696929
8076,-2047,696929
8076,-2047,696929
8076,-2047,696929
8076,-2047,696929
8076,-2047,696929
8076,-2047,696929
8076,-2047,696929
8076,-2047,696929
8076,-2047,696929
8076,-2047,696929
8076,-2047,696929
8076,-2047,696929
8076,-2047,696929
8076,-2047,696929
8076,-2047,696929
8076,-2047,696929
8076,-2047,696929
8076,-2047,696929
8076,-2047,696929
8076,-2047,696929
8076,-2047,696929
8076,-2047,696929
8076,-2047,696929
8076,-2047,696929
8076,-2047,696929
8076,-2047,696929
8076,-2047,696929
8076,-2047,696929
8076,-2047,696929
8076,-2047,696929
8076,-2047,696929
8076,-2047,696929
8076,-2047,696929
8076,-2047,696929
8076,-2047,696929
8076,-2047,696929
8076,-2047,696929
8076,-2047,696929
8076,-2047,696929
8076,-2047,696929
8076,-2047,696929
8076,-2047,696929
8076,-2047,696929
8076,-2047,696929
8076,-2047,696929
8076,-2047,696929
8076,-2047,696929
8076,-2047,696929
8076,-2047,696929
8076,-2047,696929
8076,-2047,696929
8076,-2047,696929
8076,-2047,696929
8076,-2047,696929
8076,-2047,696929
8076,-2047,696929
8076,-2047,696929
8076,-2047,696929
8076,-2047,696929
8076,-2047,696929
8076,-2047,696929
8076,-2047,696929
8076,-2047,696929
8076,-2047,696929
8076,-2047,696929
8076,-2047,696929
8076,-2047,696929
8076,-2047,696929
818176,241665,-1069054
818176,241665,-1069054
818176,241665,-1069054
818176,241665,-1069054
818176,241665,-1069054
818176,241665,-1069054
818176,241665,-1069054
818176,241665,-1069054
818176,241665,-1069054
818176,241665,-1069054
818176,241665,-1069054
818176,241665,-1069054
818176,241665,-1069054
818176,241665,-1069054
818176,241665,-1069054
818176,241665,-1069054
-906,6044,2
-622,6044,13082
-332,6044,32546
-162,6044,64498
-108,7844,78458
10,7837,91826
791172,243461,-1057182
65543,1313284,1840
730220,229013,-732230
687334,133737,-680950
676882,120833,-677046
661742,120833,-675766
497354,120833,-690342
486606,120833,-676718
483294,120833,-675286
65543,-7140860,1840
474736,120833,-675902
470300,120833,-675990
465528,120833,-674438
427746,38913,-566342
375288,86257,-59734
351562,59393,-36126
329068,59393,145394
338138,59393,217306
343890,59393,252506
344660,59393,258330
346566,59393,271834
347092,59393,275106
368142,59393,324738
368142,59393,324738
368142,59393,324738
368142,59393,324738
368142,59393,324738
368142,59393,324738
368142,59393,324738
368142,59393,324738
368142,59393,324738
368142,59393,324738
368142,59393,324738
368142,59393,324738
368142,59393,324738
368142,59393,324738
368142,59393,324738
368142,59393,324738
368142,59393,324738
368142,59393,324738
368142,59393,324738
368142,59393,324738
368142,59393,324738
368142,59393,324738
368142,59393,324738
368142,59393,324738
368142,59393,324738
368142,59393,324738
368142,59393,324738
368142,59393,324738
368142,59393,324738
368142,59393,324738
368142,59393,324738
368142,59393,324738
368142,59393,324738
368142,59393,324738
368142,59393,324738
368142,59393,324738
368142,59393,324738
368142,59393,324738
368142,59393,324738
368142,59393,324738
368142,59393,324738
368142,59393,324738
368142,59393,324738
368142,59393,324738
368142,59393,324738
368142,59393,324738
368142,59393,324738
368142,59393,324738
368142,59393,324738
368142,59393,324738
368142,59393,324738
368142,59393,324738
368142,59393,324738
368142,59393,324738
368142,59393,324738
368142,59393,324738
368142,59393,324738
368142,59393,324738
368142,59393,324738
368142,59393,324738
368142,59393,324738
368142,59393,324738
818176,241665,-1069054
818176,241665,-1069054
818176,241665,-1069054
818176,241665,-1069054
818176,241665,-1069054
818176,241665,-1069054
818176,241665,-1069054
818176,241665,-1069054
818176,241665,-1069054
818176,241665,-1069054
818176,241665,-1069054
818176,241665,-1069054
818176,241665,-1069054
818176,241665,-1069054
818176,241665,-1069054
818176,241665,-1069054
818176,241665,-1069054
818176,241665,-1069054
818176,241665,-1069054
818176,241665,-1069054
818176,241665,-1069054
818176,241665,-1069054
818176,241665,-1069054
818176,241665,-1069054
818176,241665,-1069054
818176,241665,-1069054
818176,241665,-1069054
818176,241665,-1069054
-1010,6044,-2854
-950,6044,4546
-922,6044,18490
-1026,6044,38954
-730,6044,65562
684,7977,95882
786612,235601,-1056526
615460,166369,-830878
609512,160225,-821422
603886,152045,-812574
598806,141973,-802606
594474,130149,-791374
583770,120833,-750302
543700,120833,-656030
539198,120833,-651622
534962,120833,-648190
530904,120833,-645374
526998,120833,-642758
519746,120833,-638182
516480,120833,-636286
513574,120833,-635022
475184,120833,-699670
474048,120833,-696382
472990,120833,-693574
471330,120833,-702758
476688,120833,-755638
475912,120833,-761278
476200,120833,-754630
475740,120833,-730998
473508,120833,-724318
469452,120833,-712918
467052,120833,-699614
466024,120833,-694254
465086,120833,-689742
466266,120833,-693590
473088,120833,-762454
474618,120833,-775374
474274,120833,-788582
472470,120833,-811870
472924,120833,-822766
473852,120833,-832150
475030,120833,-839934
476174,120833,-846614
481592,120833,-878550
484072,120833,-889590
487676,120833,-903134
562924,120833,-598526
572652,122881,-604590
576340,122881,-618718
579710,122809,-631438
589320,120833,-661950
594550,120833,-681966
595486,122125,-694598
594850,122881,-706646
593184,122881,-716166
591264,122757,-723726
585368,120833,-740526
583760,120833,-744678
579540,120833,-754470
569040,120833,-769710
504628,120833,-777982
499900,120833,-785694
491432,120833,-797190
483544,120833,-796262
481004,120833,-785286
479434,120833,-772502
478178,120833,-760126
475452,120833,-739078
472042,120833,-724686
470472,120833,-719134
500366,120833,-761022
503158,120833,-759318
505740,120833,-759118
508076,120833,-759654
510150,120833,-760574
511948,120833,-812454
497492,120833,-922302
497288,120833,-934350
498356,120833,-942430
500878,120833,-947502
504210,120833,-949462
506666,120833,-950622
508266,120833,-951374
509138,120833,-951782
509434,120833,-951926
509560,120833,-953678
510136,120833,-961486
510542,120833,-975470
509754,120833,-993302
507678,120833,-1012838
65543,-2356476,1840
475566,172033,-1648054
464130,172033,-1653182
459570,172033,-1647166
418808,172033,-1626246
414176,172033,-1628510
410608,172033,-1630246
408016,172033,-1631518
406294,172033,-1632358
405322,172033,-1632830
404950,172033,-1633014
405268,172033,-1631430
406928,172033,-1626382
415690,172033,-1604558
420222,172033,-1594222
424410,172033,-1585638
428290,172033,-1577598
431326,172033,-1539238
428424,172033,-1536966
423100,172033,-1533798
418786,172033,-1531182
417076,172033,-1530278
431204,172033,-1594030
432500,172033,-1597894
432500,172033,-1597910
426110,172033,-1583710
424078,172033,-1578342
420392,172033,-1570270
432418,172033,-1589814
436580,172033,-1611822
436846,172033,-1625022
435040,172033,-1633990
432330,172033,-1631838
430258,172033,-1625446
428456,172033,-1619342
426818,172033,-1614038
425348,172033,-1609550
424064,172033,-1605870
422970,172033,-1602862
431066,172033,-1630822
430330,172033,-1644214
427372,172033,-1650686
424214,172033,-1650646
421392,172033,-1646670
417156,172033,-1633574
416564,172033,-1623342
416056,172033,-1613622
415366,172033,-1604902
413212,172033,-1592142
411982,172033,-1588502
406628,172033,-1605846
406556,172033,-1606510
406556,172033,-1606510
406556,172033,-1606510
406556,172033,-1606510
406556,172033,-1606510
406556,172033,-1606510
406844,172033,-1606070
408538,172033,-1603198
411544,172033,-1596478
415602,172033,-1584758
433792,172033,-1503030
437792,172033,-1492126
440734,172033,-1486846
443182,172033,-1482526
445382,172033,-1478014
447396,172033,-1473182
449360,172033,-1468318
453918,172033,-1461982
456312,172033,-1463670
455620,172033,-1470902
453800,172033,-1472734
452066,172033,-1472574
450520,172033,-1470854
449144,172033,-1468646
447942,172033,-1466094
446938,172033,-1463294
446162,172033,-1460286
449348,172033,-1464054
452048,172033,-1471574
460684,172033,-1493702
463066,172033,-1499510
465164,172033,-1504446
467014,172033,-1508830
468574,172033,-1513302
469842,172033,-1517950
471796,172033,-1526950
472568,172033,-1531174
473210,172033,-1535198
487714,172033,-1554494
487714,172033,-1554494
487714,172033,-1554494
487714,172033,-1554494
487714,172033,-1554494
487714,172033,-1554494
487714,172033,-1554494
487714,172033,-1554494
487714,172033,-1554494
487714,172033,-1554494
487714,172033,-1554494
487714,172033,-1554494
487714,172033,-1554494
487714,172033,-1554494
487714,172033,-1554494
487714,172033,-1554494
487714,172033,-1554494
487714,172033,-1554494
487714,172033,-1554494
487714,172033,-1554494
487714,172033,-1554494
487714,172033,-1554494
487714,172033,-1554494
487714,172033,-1554494
487714,172033,-1554494
487714,172033,-1554494
487714,172033,-1554494
487714,172033,-1554494
487714,172033,-1554494
487714,172033,-1554494
487714,172033,-1554494
487714,172033,-1554494
487714,172033,-1554494
487714,172033,-1554494
487714,172033,-1554494
487714,172033,-1554494
487714,172033,-1554494
487714,172033,-1554494
487714,172033,-1554494
487714,172033,-1554494
487714,172033,-1554494
487714,172033,-1554494
487714,172033,-1554494
487714,172033,-1554494
487714,172033,-1554494
487714,172033,-1554494
487714,172033,-1554494
487714,172033,-1554494
487714,172033,-1554494
487714,172033,-1554494
487714,172033,-1554494
487714,172033,-1554494
487714,172033,-1554494
487714,172033,-1554494
487714,172033,-1554494
487714,172033,-1554494
487714,172033,-1554494
487714,172033,-1554494
487714,172033,-1554494
487714,172033,-1554494
487714,172033,-1554494
487714,172033,-1554494
487714,172033,-1554494
487714,172033,-1554494
487714,172033,-1554494
487714,172033,-1554494
487714,172033,-1554494
487714,172033,-1554494
487714,172033,-1554494
487714,172033,-1554494
487714,172033,-1554494
487714,172033,-1554494
487714,172033,-1554494
487714,172033,-1554494
487714,172033,-1554494
487714,172033,-1554494
487714,172033,-1554494
487714,172033,-1554494
487714,172033,-1554494
487714,172033,-1554494
487714,172033,-1554494
487714,172033,-1554494
487714,172033,-1554494
487714,172033,-1554494
487714,172033,-1554494
487714,172033,-1554494
818176,241665,-1069054
818176,241665,-1069054
818176,241665,-1069054
818176,241665,-1069054
818176,241665,-1069054
818176,241665,-1069054
818176,241665,-1069054
818176,241665,-1069054
818176,241665,-1069054
818176,241665,-1069054
818176,241665,-1069054
818176,241665,-1069054
818176,241665,-1069054
818176,241665,-1069054
818176,241665,-1069054
818176,241665,-1069054
818176,241665,-1069054
818176,241665,-1069054
818176,241665,-1069054
818176,241665,-1069054
818176,241665,-1069054
818176,241665,-1069054
818176,241665,-1069054
818176,241665,-1069054
818176,241665,-1069054
818176,241665,-1069054
818176,241665,-1069054
818176,241665,-1069054
-1462,6044,-366
-2630,6044,9234
-4628,6044,24482
-7646,6044,44850
-11706,7984,69866
729808,227837,-1264846
718416,213517,-1286878
702800,178169,-1309078
688630,171857,-1317270
656520,138989,-1370238
645504,120833,-1401878
643336,120833,-1415118
641316,120833,-1428838
639358,120833,-1442910
635826,120833,-1471270
634332,120833,-1484822
632982,120833,-1497718
630572,120833,-1521022
629518,120833,-1531350
628532,120833,-1540710
627426,120833,-1548710
626188,120833,-1555142
623710,120833,-1563886
622582,120833,-1566950
529470,157573,-1580270
529470,165169,-1578470
529470,172881,-1577286
526338,198901,-1569398
524668,197945,-1566894
487464,172033,-1561814
484490,172033,-1561582
481748,172033,-1561558
479246,172033,-1561670
476992,172033,-1561790
474988,172033,-1561774
461648,172033,-1559294
399622,172033,-1506894
394468,172033,-1511086
389832,172033,-1514894
381414,172033,-1520798
373844,172033,-1526150
370392,172033,-1528774
367132,172033,-1531342
364076,172033,-1533726
361246,172033,-1535982
358652,172033,-1538078
356300,172033,-1540046
354196,172033,-1541862
352344,172033,-1543534
350740,172033,-1545006
311480,183857,-1577894
274818,123509,-1003790
274920,122637,-993166
274736,122237,-983414
273410,120893,-963822
272636,120841,-950670
271984,120833,-933862
163996,113861,-589734
154314,98529,-608454
150436,88005,-615806
147106,75761,-621854
144164,61925,-627950
141946,46613,-635238
133428,-2047,-658103
126546,-2047,-647607
124596,-2047,-642511
160030,-2047,-624431
154004,-2047,-637655
115626,-503,-516119
115626,-503,-516119
115626,-503,-516119
115626,-503,-516119
115626,-503,-516119
115626,-503,-516119
115626,-503,-516119
115626,-503,-516119
115626,-503,-516119
115626,-503,-516119
115626,-503,-516119
115626,-503,-516119
115626,-503,-516119
115626,-503,-516119
115626,-503,-516119
115626,-503,-516119
115626,-503,-516119
115626,-503,-516119
115626,-503,-516119
115626,-503,-516119
115626,-503,-516119
115626,-503,-516119
115626,-503,-516119
115626,-503,-516119
115626,-503,-516119
115626,-503,-516119
115626,-503,-516119
115626,-503,-516119
115626,-503,-516119
115626,-503,-516119
115626,-503,-516119
115626,-503,-516119
115626,-503,-516119
115626,-503,-516119
115626,-503,-516119
115626,-503,-516119
115626,-503,-516119
115626,-503,-516119
115626,-503,-516119
115626,-503,-516119
115626,-503,-516119
115626,-503,-516119
115626,-503,-516119
115626,-503,-516119
115626,-503,-516119
115626,-503,-516119
115626,-503,-516119
115626,-503,-516119
115626,-503,-516119
115626,-503,-516119
115626,-503,-516119
115626,-503,-516119
818176,241665,-1069054
818176,241665,-1069054
818176,241665,-1069054
818176,241665,-1069054
818176,241665,-1069054
818176,241665,-1069054
818176,241665,-1069054
818176,241665,-1069054
818176,241665,-1069054
818176,241665,-1069054
818176,241665,-1069054
818176,241665,-1069054
818176,241665,-1069054
818176,241665,-1069054
818176,241665,-1069054
818176,241665,-1069054
818176,241665,-1069054
818176,241665,-1069054
818176,241665,-1069054
818176,241665,-1069054
818176,241665,-1069054
818176,241665,-1069054
818176,241665,-1069054
818176,241665,-1069054
818176,241665,-1069054
818176,241665,-1069054
818176,241665,-1069054
818176,241665,-1069054
-850,6044,-3070
190,6045,3058
2140,6045,14634
5000,6045,31658
8894,6045,53666
14106,7865,77122
733446,230101,-888206
727248,225033,-884782
721428,217853,-883838
715826,208709,-883702
710406,197745,-883022
696364,172033,-887646
685888,172033,-895118
611346,192313,-876414
593840,202285,-853710
585512,196285,-835230
582266,189861,-827662
579294,181385,-820366
573872,158889,-803798
571464,145153,-794590
569126,129925,-785270
561972,120833,-760134
558294,120833,-750950
547940,120833,-739086
440358,38913,-467662
437518,38913,-441046
410248,119681,-89478
361792,75201,-12766
343472,59393,24458
344548,59393,262642
350724,59393,294474
363858,59393,350266
366084,59393,360090
352730,59393,412730
244236,128665,420138
229378,144229,363826
218400,144229,346242
218400,144229,346242
210776,144229,334314
147086,59393,207074
144322,59393,200682
141744,59393,192370
137544,59393,171610
131822,59393,143658
125486,59393,110698
13808,73809,-5334
23488,117577,-17110
24010,63201,-24230
9174,60093,-24230
9208,60093,-24230
9282,60093,-24230
16738,59357,17130
15278,59949,15426
9388,60093,7346
9450,60093,7346
9484,60093,7346
17540,59353,32002
18520,59389,31706
-112828,119852,133538
-112520,101644,182778
-112086,59468,286506
-51454,-2048,662761
-42424,-2048,643593
-41222,-2048,641025
-39100,-1496,636729
-35776,-1144,629905
-31216,-2048,654081
-29774,-2048,661729
-28672,-1144,668009
-98886,-2048,562209
-102126,22900,426786
-95792,22804,427138
-94926,23900,423122
-110996,26732,412746
-110188,29516,402530
-108080,36592,376586
-75676,-2048,624161
-71700,-2048,610409
-68334,-2048,560601
-66540,-2048,531017
-98382,-2048,641921
-115044,-2048,536217
-101524,19208,440338
-105414,-2032,590153
-9130,-2048,660825
-12028,-2048,679617
-14018,-2004,679521
-514,-2048,669009
-514,-2048,669009
-514,-2048,669009
-514,-2048,669009
-514,-2048,669009
-514,-2048,669009
-514,-2048,669009
-514,-2048,669009
-514,-2048,669009
-514,-2048,669009
-514,-2048,669009
-514,-2048,669009
-514,-2048,669009
-514,-2048,669009
-514,-2048,669009
-514,-2048,669009
-514,-2048,669009
-514,-2048,669009
-514,-2048,669009
-514,-2048,669009
-514,-2048,669009
-514,-2048,669009
-514,-2048,669009
-514,-2048,669009
-514,-2048,669009
-514,-2048,669009
-514,-2048,669009
-514,-2048,669009
-514,-2048,669009
-514,-2048,669009
-514,-2048,669009
-514,-2048,669009
-514,-2048,669009
-514,-2048,669009
-514,-2048,669009
-514,-2048,669009
-514,-2048,669009
-514,-2048,669009
-514,-2048,669009
-514,-2048,669009
-514,-2048,669009
-514,-2048,669009
-514,-2048,669009
818176,241665,-1069054
818176,241665,-1069054
818176,241665,-1069054
818176,241665,-1069054
818176,241665,-1069054
818176,241665,-1069054
818176,241665,-1069054
818176,241665,-1069054
818176,241665,-1069054
818176,241665,-1069054
818176,241665,-1069054
818176,241665,-1069054
818176,241665,-1069054
818176,241665,-1069054
818176,241665,-1069054
818176,241665,-1069054
818176,241665,-1069054
818176,241665,-1069054
818176,241665,-1069054
818176,241665,-1069054
818176,241665,-1069054
818176,241665,-1069054
818176,241665,-1069054
818176,241665,-1069054
818074,241625,-1069038
-956,6044,2074
-822,6044,14386
-324,6044,58642
24,8009,89482
788656,235785,-1062958
713100,215349,-1129662
707932,206549,-1127622
676588,172033,-1110038
662372,172033,-1127662
658276,172033,-1144766
657546,172033,-1150006
657006,172033,-1154918
656182,172033,-1163950
655476,172033,-1172342
655158,172033,-1176446
656100,172033,-1174518
665658,172033,-1172158
666496,172033,-1186390
665576,172033,-1200174
663348,172033,-1210670
660408,172033,-1216190
657430,172033,-1218854
654658,172033,-1221022
652134,172033,-1223246
649872,172033,-1225630
647894,172033,-1228310
646174,172033,-1230854
644696,172033,-1233150
643404,172033,-1235286
642244,172033,-1237374
638178,172033,-1243110
585390,123645,-1255846
573986,120833,-1221582
540496,120833,-928646
539758,120833,-909238
539346,120833,-874358
519982,151497,-244798
514518,182273,296106
514386,182273,317818
514088,182273,337162
513304,182273,354698
508780,182273,414978
507734,182273,428058
506746,182273,440146
505768,182273,451114
504422,182273,460250
502548,182273,466338
500492,182273,469250
498578,182273,470626
496902,182273,471682
495436,182273,472330
491474,182273,472914
484338,182273,473194
480624,182273,473458
430042,178897,441810
423614,173833,434370
417522,166653,428082
412012,157509,425234
407228,146541,425794
403200,133889,429250
396214,104009,433490
384748,59393,443658
383038,59393,440642
384114,59393,431154
389010,59393,437322
391302,59393,444346
395022,59393,459898
396592,59393,467866
397942,59393,476098
399024,59393,485482
399282,59393,497306
399264,59393,519450
402700,59393,518634
402700,59393,518634
402190,59393,517706
396858,59393,502002
395858,59393,495986
395142,59393,490506
394622,59393,485786
400852,59393,503994
404050,59393,510810
407644,59393,513354
411110,59393,510370
412588,59393,498370
411430,59393,485898
408932,59393,477906
406410,59393,471474
404080,59393,465546
402000,59393,459842
400174,59393,454434
398602,59393,449538
397292,59393,445250
396246,59393,441498
411232,60417,400410
409904,60413,374090
409198,59413,362690
408362,59393,352146
407420,59393,342146
406456,59393,333194
405526,59393,325226
404574,59393,318418
403618,59393,312802
407102,59393,342346
405568,59393,331778
403434,59393,324018
396304,59393,318058
391282,59393,321930
371244,59393,379210
371252,59393,379322
371252,59393,379322
371252,59393,379322
371252,59393,379322
371252,59393,379322
371252,59393,379322
371252,59393,379322
371252,59393,379322
371252,59393,379322
371252,59393,379322
371252,59393,379322
371252,59393,379322
371252,59393,379322
371252,59393,379322
363410,59393,382906
360290,59393,381282
362928,59393,379250
413918,60417,413314
419930,59613,452490
421740,59421,475266
407592,139121,815098
402468,141317,1014610
399134,141313,1032162
395884,141313,1046818
388014,141313,1060466
383990,141313,1059098
380580,141313,1051706
378412,141313,1039730
376844,141313,1027194
375504,141313,1015234
374558,141313,1003714
374874,141313,992770
376036,141321,988066
377274,141313,982794
378558,141313,977730
387588,141313,987322
409348,59393,500994
411984,59393,492906
415518,59393,475826
401932,59393,288898
395394,59393,282106
400090,59393,288114
403838,59393,287858
432364,59393,268506
435826,59393,281682
407888,141313,994002
406714,141313,1006346
404774,141313,1015826
402656,141313,1024138
400550,141313,1031962
398502,141313,1039570
396650,141313,1047658
387156,141313,1118714
375496,141313,1137474
374258,141313,1130714
372936,141313,1124282
371368,141313,1118858
369510,141313,1114802
364612,141313,1111130
350742,141313,1111466
281028,141313,1153122
275882,141313,1149202
271310,141313,1144498
267064,141313,1140218
262968,141313,1137426
255178,141313,1135242
251586,141313,1136762
248418,141313,1141594
245778,141313,1148482
243430,141313,1157746
240350,141313,1167426
237846,141313,1175546
235748,141313,1182786
234090,141313,1189410
228338,141313,1229562
228338,141313,1229562
228338,141313,1229562
228338,141313,1229562
228338,141313,1229562
228338,141313,1229562
228338,141313,1229562
228338,141313,1229562
228338,141313,1229562
228338,141313,1229562
228338,141313,1229562
228338,141313,1229562
228338,141313,1229562
228338,141313,1229562
228338,141313,1229562
228338,141313,1229562
228338,141313,1229562
228338,141313,1229562
228338,141313,1229562
228338,141313,1229562
228338,141313,1229562
228338,141313,1229562
228338,141313,1229562
228338,141313,1229562
228338,141313,1229562
228338,141313,1229562
228338,141313,1229562
228338,141313,1229562
228338,141313,1229562
228338,141313,1229562
228338,141313,1229562
228338,141313,1229562
228338,141313,1229562
228338,141313,1229562
228338,141313,1229562
228338,141313,1229562
228338,141313,1229562
228338,141313,1229562
228338,141313,1229562
228338,141313,1229562
228338,141313,1229562
228338,141313,1229562
228338,141313,1229562
228338,141313,1229562
228338,141313,1229562
228338,141313,1229562
228338,141313,1229562
228338,141313,1229562
228338,141313,1229562
228338,141313,1229562
228338,141313,1229562
228338,141313,1229562
228338,141313,1229562
228338,141313,1229562
228338,141313,1229562
228338,141313,1229562
228338,141313,1229562
228338,141313,1229562
228338,141313,1229562
228338,141313,1229562
228338,141313,1229562
228338,141313,1229562
228338,141313,1229562
228338,141313,1229562
228338,141313,1229562
228338,141313,1229562
228338,141313,1229562
228338,141313,1229562
228338,141313,1229562
228338,141313,1229562
228338,141313,1229562
228338,141313,1229562
228338,141313,1229562
818176,241665,-1069054
818176,241665,-1069054
818176,241665,-1069054
818176,241665,-1069054
818176,241665,-1069054
818176,241665,-1069054
818176,241665,-1069054
818176,241665,-1069054
818176,241665,-1069054
818176,241665,-1069054
818176,241665,-1069054
818176,241665,-1069054
818176,241665,-1069054
818176,241665,-1069054
818176,241665,-1069054
818176,241665,-1069054
818176,241665,-1069054
818176,241665,-1069054
818176,241665,-1069054
818176,241665,-1069054
818176,241665,-1069054
818176,241665,-1069054
818176,241665,-1069054
818176,241665,-1069054
818176,241665,-1069054
818176,241665,-1069054
818176,241665,-1069054
-1024,6044,-4094
-1024,6044,-4094
-1024,6044,-4094
-1024,6044,-4094
-1024,6044,-4094
-1024,6044,-4094
-1024,6044,-4094
-1024,6044,-4094
-1024,6044,-4094
-1024,6044,-4094
-1024,6044,-4094
-1024,6044,-4094
-1024,6044,-4094
-1024,6044,-4094
-1024,6044,-4094
-1024,6044,-4094
-1024,6044,-4094
-1024,6044,-4094
-1024,6044,-4094
-1024,6044,-4094
-1024,6044,-4094
-1024,6044,-4094
-1024,6044,-4094
-1024,6044,-4094
-1024,6044,-4094
-1024,6044,-4094
-1024,6044,-4094
-1024,6044,-4094
-1024,6044,-4094
813236,253105,-1064678
793232,298893,-1046974
772826,343745,-1028910
752006,387573,-1010478
730768,430277,-991678
709102,471753,-972502
641450,587677,-912614
617984,623081,-891846
594046,656645,-870654
569624,688233,-849038
544712,717697,-826982
519296,744877,-804486
493368,769613,-781534
466918,791733,-758118
439936,811061,-734238
412410,827405,-709870
384328,840565,-685014
355682,850341,-659654
326458,856513,-633782
296644,858853,-607390
266230,857121,-580470
204568,840661,-525222
173404,825693,-496902
141700,805933,-468030
109450,781141,-438590
43260,715413,-377998
9302,673941,-346814
-25246,626344,-315022
-60396,572328,-282606
-96158,511576,-249566
-132544,443772,-215886
-169562,368572,-181542
-207228,285624,-146534
-245552,194564,-110838
-279438,122260,-84390
-296572,97900,-76782
-294936,93240,-79830
-294936,93240,-79830
-294936,93240,-79830
-294936,93240,-79830
-294936,93240,-79830
-294936,93240,-79830
-294936,93240,-79830
-294936,93240,-79830
-294936,93240,-79830
-294936,93240,-79830
-294936,93240,-79830
-294936,93240,-79830
-294936,93240,-79830
-294936,93240,-79830
-294936,93240,-79830
-294936,93240,-79830
-294936,93240,-79830
-294936,93240,-79830
-294936,93240,-79830
-294936,93240,-79830
-294936,93240,-79830
-294936,93240,-79830
-294936,93240,-79830
-294936,93240,-79830
-294936,93240,-79830
-294936,93240,-79830
-294936,93240,-79830
-294936,93240,-79830
-294936,93240,-79830
