60671,-6547712,143615
60671,-6547712,143615
60671,-6547712,143615
60671,-6547712,143615
60671,-6547712,143615
60671,-6547712,143615
60671,-6547712,143615
60671,-6547712,143615
-3347713,-6547712,4342527
5562879,-6547712,-6115329
-8200449,-6547712,3860735
-597761,-6547712,4333312
-990209,-6547712,6443776
-858625,-6547712,1213696
-5183489,-6547712,7516928
4778495,-6547712,3857920
-3085569,-6547712,3802369
-332545,1842688,-7198975
-2691073,4202240,673025
8319743,4726528,-6660607
8058111,-7856640,-8226559
-2293761,7667199,-1450239
-596469,102403,4910319
-5975029,102403,4850928
5828874,4809219,-1913104
-6104566,7685635,-2961936
3851530,-4119805,1753328
6579466,106498,5402096
-2730230,106498,6974192
-6018806,106498,-6652432
-1040374,106498,2788592
5773578,106498,3316720
2755850,106498,-4016400
5507082,106498,-7683344
-7323639,-2013182,1231859
4858633,-921855,-6141452
3472136,-1188607,-7733003
2123271,378882,1228289
6446343,116738,-7732734
-5483513,116738,-4047102
-8369401,116738,-887294
7881223,116738,3844866
-8374009,116738,3857666
4335623,116738,-6670077
2891783,116738,5399299
-6809593,116738,1739267
-7597817,116738,-4018941
396039,116738,3329539
525575,116738,4385539
-5439738,116738,5899524
7771142,370434,-1950458
-5077754,-423422,-6124538
-7964922,4286210,7001862
-759546,7158786,-3006969
3955974,-194046,-2989305
1200646,7721729,-5593337
3688454,4560385,2812423
2375430,-2272511,-4052472
-5622266,-5960703,2255112
-6674938,124928,3865864
-7462906,387072,-2474231
-1566458,5368320,1740041
3150854,-3804416,3333129
-2093306,65793,-6672374
-5968379,-1235966,5906957
-7803387,4005634,-911347
1110021,-8315646,-7728371
-7150075,75778,-5051377
-4924923,75778,665360
-5976827,75778,-6138864
4243461,75778,2783760
-5328123,75778,-6120176
-481531,75778,2801424
5020933,75778,-6103280
-3763451,75778,8060688
559877,75778,-3007471
-4816379,75778,-4049647
-1803771,75778,-7189999
-5606651,75778,-7185647
4746501,75778,5925393
-4692219,75778,-2460143
-1026555,75778,1741073
6729731,-2536702,-4574446
6723843,5334530,-1427694
1868547,357634,-8242414
6712579,-3311614,-2998766
7100419,7434754,1721362
5915651,-5152254,4345362
-1298429,4016642,4872722
269827,-4380414,4351506
-4848893,75778,-887534
-3214334,75778,4881938
3465474,75778,1214738
-625152,624642,-7725036
5529344,-3565310,-2482924
6697728,-3562750,5899540
-6943232,2196994,6476307
7667711,4483586,2275091
5300223,10242,3306259
2283263,10242,5922067
-2048513,10242,2816786
6074879,10242,-6640622
-2970881,10242,2787346
-8215297,10242,-3512814
-4677889,10242,2246674
3970559,10242,6427154
3182591,10242,-2431727
-3241729,10242,-1397743
2261759,10242,-4547055
-2327297,10242,-5098478
-5986305,10242,-8216814
965887,10242,5421585
4898559,10242,-6126319
4505855,-251902,3298321
-89345,10242,3316497
-222977,10242,7521553
-1411329,10242,-4062190
-5344001,10242,4906769
-6653697,10242,4370961
7109887,10242,5932817
2654463,8136706,7495441
-4684801,1059330,-3524079
34815,8137474,8001809
690943,-3920894,-4523248
-3240705,-2085630,-5578480
3575807,-2609662,1755920
5149183,-4968702,2275088
-7826433,-1036030,-2457072
7127807,10242,-1399791
579583,5778178,2235665
1234943,3682306,5942032
6608639,1585410,-2976240
2675711,5256194,1198864
-8072705,-5229054,8000272
-8072705,2373890,711183
6869759,-7325438,-876529
7656447,-2084350,5401103
-732161,-253438,-2476785
3971583,63743,-937970
3971583,63743,-937970
3971583,63743,-937970
3971583,63743,-937970
3971583,63743,-937970
3971583,63743,-937970
3971583,63743,-937970
3971583,63743,-937970
3971583,63743,-937970
3971583,63743,-937970
3971583,63743,-937970
-109057,63743,5883149
-2600961,63743,-6205427
-3388417,63743,-4122099
-112641,63743,-4593908
6832639,63743,5868300
2506751,63743,-2006772
4603647,63743,5372427
-1556737,63743,-4595957
3822335,63743,-411892
7362303,63743,-4067572
-2073857,63743,1124109
5005823,63743,-4630259
685823,63743,2192653
31999,63743,7424781
-5210881,63743,-4121075
5274367,63743,7983116
-1410817,63743,5353228
-7702529,63743,3248652
30463,63743,3766540
-4951809,63743,-6730228
1736447,63743,-7794419
5017599,63743,-7229939
-2452737,63743,592398
1476863,63743,4265486
6848255,63743,6882318
5405183,63743,-925171
1210879,63743,-6184947
-3638529,63743,-3570419
6192383,63743,-4624883
-4946945,63743,81421
-7560961,63743,-2549234
830975,63743,5845774
1361919,63743,6408205
6341119,63743,-3576307
-2181377,63743,1649677
4240127,63743,69645
3582719,63743,-925172
-3627265,63743,3264780
-91393,63743,4791309
-91393,63743,4791309
-91393,63743,4791309
-91393,63743,4791309
-91393,63743,4791309
-91393,63743,4791309
-91393,63743,4791309
-91393,63743,4791309
-91393,63743,4791309
1612799,63743,7937037
-8085505,63743,2170125
5286655,63743,-3596531
7126015,63743,-7264755
3695104,129279,-1499636
-1282304,129279,5890571
-4162816,129279,-1464053
-5206016,129279,4276747
-6645248,129279,70155
3843072,129279,6415370
175104,129279,7451914
-5329408,129279,-4108278
-2577152,129279,4793098
2403584,129279,-4589303
-6640640,129279,644105
3582976,129279,4829705
175104,129279,-7760887
44032,129279,-3573239
146432,129279,-5649654
-8111360,129279,-1968118
7879424,129279,7418379
-4047872,129279,-6719477
7619840,129279,6415371
-8106496,129279,4265228
7888128,129279,1657868
-332288,129279,5874700
-332288,129279,5874700
-332288,129279,5874700
-332288,129279,5874700
-332288,129279,5874700
-332288,129279,5874700
-332288,129279,5874700
-332288,129279,5874700
-332288,129279,5874700
-332288,129279,5874700
-332288,129279,5874700
-332288,129279,5874700
-332288,129279,5874700
-332288,129279,5874700
-332288,129279,5874700
-332288,129279,5874700
-332288,129279,5874700
-332288,129279,5874700
-332288,129279,5874700
-332288,129279,5874700
-332288,129279,5874700
-332288,129279,5874700
-332288,129279,5874700
-332288,129279,5874700
-332288,129279,5874700
-332288,129279,5874700
-332288,129279,5874700
-332288,129279,5874700
-332288,129279,5874700
-332288,129279,5874700
-332288,129279,5874700
-332288,129279,5874700
-332288,129279,5874700
-332288,129279,5874700
-332288,129279,5874700
-332288,129279,5874700
-332288,129279,5874700
-332288,129279,5874700
-332288,129279,5874700
-332288,129279,5874700
-332288,129279,5874700
-332288,129279,5874700
-332288,129279,5874700
-332288,129279,5874700
-332288,129279,5874700
-332288,129279,5874700
-332288,129279,5874700
-332288,129279,5874700
-332288,129279,5874700
-332288,129279,5874700
-332288,129279,5874700
-332288,129279,5874700
-332288,129279,5874700
-332288,129279,5874700
-332288,129279,5874700
-332288,129279,5874700
-332288,129279,5874700
-332288,129279,5874700
-332288,129279,5874700
-332288,129279,5874700
-332288,129279,5874700
-332288,129279,5874700
-332288,129279,5874700
-332288,129279,5874700
-332288,129279,5874700
-332288,129279,5874700
-332288,129279,5874700
-332288,129279,5874700
-332288,129279,5874700
-332288,129279,5874700
-332288,129279,5874700
-332288,129279,5874700
-332288,129279,5874700
-332288,129279,5874700
31756,110595,176367
31756,110595,176367
31756,110595,176367
31756,110595,176367
31756,110595,176367
31756,110595,176367
31756,110595,176367
31756,110595,176367
31756,110595,176367
31756,110595,176367
31756,110595,176367
31756,110595,176367
31756,110595,176367
31756,110595,176367
31756,110595,176367
31756,110595,176367
31756,110595,176367
31756,110595,176367
31756,110595,176367
31756,110595,176367
31756,110595,176367
31756,110595,176367
31756,110595,176367
31756,110595,176367
6487295,-6547712,-7144961
-3473921,-6547712,6953984
4194304,-6482176,-7710720
-4847616,6364160,-8250367
-258560,-713472,-1407999
6034176,7931136,-341503
3728651,102403,-2478352
6477835,102403,8014832
2281483,102403,5410288
6596618,1404418,-1418508
-6004470,120833,-5580812
1724426,120833,6483444
-3523830,120833,-5110283
6181894,-3589885,8039426
-115450,5063939,-4543742
4258053,116738,-6160382
7797765,116738,7480834
718853,116738,-5091582
-3740923,116738,-7696382
5563397,116738,-2972670
1636100,6411009,5411588
2626052,5892865,-5594619
-503805,616962,-2440698
2765059,2182402,4852999
2625795,-4377854,-7711993
8306690,7410178,2773512
3714562,6682113,-1405432
-1029630,4822785,2784010
3950082,1937665,4894474
-6405886,1149697,-4530422
-5882878,-7502847,6948875
4601090,7696641,-2469365
4907008,1177855,5333001
-2838784,129279,-8285175
7243008,129279,-7229687
817152,129279,5878025
3560958,3710464,-7705083
3560958,3710464,-7705083
3560958,3710464,-7705083
458753,263215,3147520
3692030,-6251264,-1412347
-4696322,5271808,-2479610
458753,263290,3147520
-1565184,129279,92170
2110976,129279,-2532342
-638208,129279,3231498
3541249,129279,6898954
-4407037,-5131007,-4547832
2282499,-5131007,4363272
-4005885,-5131007,1216776
4647427,-5131007,-4026616
-2559741,-5131007,-1405432
2160643,-5131007,4361736
-7144189,-5131007,-3502840
7864836,-5131007,4885768
-129532,-5131007,-4027384
4721412,-5131007,-4027640
6688516,-5131007,1214984
6558468,-5131007,-2455800
4986628,-5131007,1737992
2497284,-5131007,1212936
-385532,-5131007,3833608
-640508,6406657,-3513592
8275460,5093889,5920776
-6401020,4306945,5912840
-6923516,-3558143,1709064
-3775740,-5131007,-5062137
-6528252,-3033855,3322631
2515460,-3820287,3843591
4218884,-4606719,4889095
8018692,-6441727,-359929
2503428,7719169,3860486
7086340,2479873,-5590010
-1044476,-4860415,-1405946
3538948,2739201,-6657018
2809091,4307201,-5095674
5150723,7416834,-7676411
-4027901,-6998270,-7681275
4743683,6632194,1741829
-1158141,6632194,1212677
3688451,6632194,4877829
1981443,6632194,-3515131
4468739,6632194,-6137851
4072707,6632194,7494405
4594435,6632194,680453
7344643,6632194,5925637
-1773309,-4606719,-2953467
7602692,-4868863,2754822
2494724,-5131007,8005638
-1434108,-5131007,-7190522
142340,-5131007,4876294
6567940,-5131007,-2456058
-243196,-6442239,-4533498
4345348,-1200127,3277063
5394180,-2773247,-5100537
-3649788,5877505,4871175
4738564,-3820543,-4557561
-5486588,-5131007,-7164921
-6142972,-5131007,2801159
-4443644,-5131007,188167
7909124,6357761,4859651
2406404,1176832,-4581117
-3228668,651776,7478019
-6374396,-1445888,3812355
1350148,2961665,-4004349
-1929724,-441087,1182212
5405444,-3840255,5391364
2651140,-3312895,4876548
-504572,-2776063,-878843
-6018812,-7484159,-8244985
-1171964,-5650687,-6650105
6423044,-1198079,4386823
586499,-4606719,-6625785
6818052,-5131007,-4019193
-3269372,-5131007,6445063
2237444,-5131007,-3004665
-7593212,-5131007,-2426618
-1172988,-5131007,1184519
-6154748,-5131007,-4051193
-5762556,-5131007,-1947129
528132,-5131007,-6134777
-4453628,-5131007,-3507193
-3667964,-5131007,168711
4457988,-5131007,698119
787460,-5131007,5421319
918020,-5131007,7522823
3589891,-5131007,6967560
-5365505,63743,-6725362
1977599,63743,5895438
6179327,63743,6412047
6574335,63743,3213328
-4302849,63743,-6212848
-5869057,63743,-5172208
-3531265,63743,6372621
6865919,6093823,6362636
-1808897,63743,-5169393
7499263,63743,4810511
1865471,63743,7986958
156927,63743,4825102
-7970817,63743,3242766
-369409,63743,7427598
-1417985,63743,-7785970
-1417985,63743,-7785970
-1417985,63743,-7785970
-1417985,63743,-7785970
-1417985,63743,-7785970
-1417985,63743,-7785970
-1417985,63743,-7785970
-1417985,63743,-7785970
-1417985,63743,-7785970
-1417985,63743,-7785970
-1417985,63743,-7785970
-1417985,63743,-7785970
-1417985,63743,-7785970
-1417985,63743,-7785970
-1417985,63743,-7785970
-1417985,63743,-7785970
-1417985,63743,-7785970
-1417985,63743,-7785970
-1417985,63743,-7785970
-1417985,63743,-7785970
-1417985,63743,-7785970
-1417985,63743,-7785970
-1417985,63743,-7785970
-1417985,63743,-7785970
-1417985,63743,-7785970
-1417985,63743,-7785970
-1417985,63743,-7785970
-1417985,63743,-7785970
-1417985,63743,-7785970
-1417985,63743,-7785970
-1417985,63743,-7785970
-1417985,63743,-7785970
-1417985,63743,-7785970
-1417985,63743,-7785970
-1417985,63743,-7785970
-1417985,63743,-7785970
-1417985,63743,-7785970
-1417985,63743,-7785970
-1417985,63743,-7785970
-1417985,63743,-7785970
-1417985,63743,-7785970
-1417985,63743,-7785970
-1417985,63743,-7785970
-1417985,63743,-7785970
-1417985,63743,-7785970
-1417985,63743,-7785970
-1417985,63743,-7785970
-1417985,63743,-7785970
-1417985,63743,-7785970
-1417985,63743,-7785970
-1417985,63743,-7785970
-1417985,63743,-7785970
-1417985,63743,-7785970
-1417985,63743,-7785970
-1417985,63743,-7785970
-1417985,63743,-7785970
-1417985,63743,-7785970
-1417985,63743,-7785970
-1417985,63743,-7785970
-1417985,63743,-7785970
-1417985,63743,-7785970
-1417985,63743,-7785970
-1417985,63743,-7785970
-1417985,63743,-7785970
-1417985,63743,-7785970
-1417985,63743,-7785970
-1417985,63743,-7785970
-1417985,63743,-7785970
-1417985,63743,-7785970
-1417985,63743,-7785970
-1417985,63743,-7785970
31756,110595,176367
31756,110595,176367
31756,110595,176367
31756,110595,176367
31756,110595,176367
31756,110595,176367
31756,110595,176367
31756,110595,176367
31756,110595,176367
31756,110595,176367
31756,110595,176367
31756,110595,176367
31756,110595,176367
31756,110595,176367
31756,110595,176367
31756,110595,176367
-1116161,-6547712,5899008
-1904641,-6547712,-1431296
3722239,4464384,8001025
7906826,-8002814,6463471
2795273,3224834,-6150155
-6644471,-5699582,684789
3824137,120833,5408501
3297289,1170945,-3519755
5379337,120833,134387
-6679799,120833,1241586
-3918583,120833,-8227852
1726473,123905,139509
156937,-6167807,4343029
-5084663,6152961,2248949
-7558391,-3284991,-2988555
-5756662,120833,-4565771
-5363446,120833,6970613
-122870,120833,-5091083
4329994,120833,1195509
3865865,120833,-906507
2930440,120833,-5054220
-2466552,120833,5925365
1591560,120833,-6156810
1864198,-157438,3805956
5425157,124928,1190405
-2294013,4318977,-8240121
-758270,-5131007,-5101302
-1303038,6882817,-6139892
7102721,8233472,5400845
2028288,129279,2699278
57088,129279,5330958
7631104,129279,-3056882
2630656,129279,5333261
4726528,129279,-4093428
4071424,129279,-1477876
-2607616,129279,-4113652
-1815808,129279,-2521588
-1685504,129279,-3046644
-7985920,129279,4811019
-1827584,129279,5839371
6298112,129279,-6686710
4779006,1319681,-6639101
846334,-1563647,-7166205
-3348482,4199425,683779
-3750914,2944512,1766912
4125182,59392,6967809
8026367,63743,6405125
-4029441,63743,-5130746
7769855,63743,5322759
955647,63743,-4627705
2144767,63743,-6749688
-7594240,129279,6398474
-7594240,129279,6398474
-7594240,129279,6398474
-7594240,129279,6398474
-7594240,129279,6398474
-7594240,129279,6398474
-7594240,129279,6398474
-7594240,129279,6398474
-7594240,129279,6398474
-7594240,129279,6398474
-7594240,129279,6398474
-7594240,129279,6398474
-7594240,129279,6398474
-7594240,129279,6398474
-7594240,129279,6398474
-7594240,129279,6398474
-7594240,129279,6398474
-7594240,129279,6398474
-7594240,129279,6398474
-7594240,129279,6398474
-7594240,129279,6398474
-7594240,129279,6398474
-7594240,129279,6398474
-7594240,129279,6398474
-7594240,129279,6398474
-7594240,129279,6398474
-7594240,129279,6398474
-7594240,129279,6398474
-7594240,129279,6398474
-7594240,129279,6398474
-7594240,129279,6398474
-7594240,129279,6398474
-7594240,129279,6398474
-7594240,129279,6398474
-7594240,129279,6398474
-7594240,129279,6398474
-7594240,129279,6398474
-7594240,129279,6398474
-7594240,129279,6398474
-7594240,129279,6398474
-7594240,129279,6398474
-7594240,129279,6398474
-7594240,129279,6398474
-7594240,129279,6398474
-7594240,129279,6398474
-7594240,129279,6398474
-7594240,129279,6398474
-7594240,129279,6398474
-7594240,129279,6398474
-7594240,129279,6398474
-7594240,129279,6398474
-7594240,129279,6398474
-7594240,129279,6398474
-7594240,129279,6398474
-7594240,129279,6398474
-7594240,129279,6398474
-7594240,129279,6398474
-7594240,129279,6398474
-7594240,129279,6398474
-7594240,129279,6398474
-7594240,129279,6398474
-7594240,129279,6398474
-7594240,129279,6398474
-7594240,129279,6398474
-7594240,129279,6398474
-7594240,129279,6398474
-7594240,129279,6398474
-7594240,129279,6398474
-7594240,129279,6398474
-7594240,129279,6398474
-7594240,129279,6398474
-7594240,129279,6398474
31756,110595,176367
31756,110595,176367
31756,110595,176367
31756,110595,176367
31756,110595,176367
31756,110595,176367
31756,110595,176367
31756,110595,176367
31756,110595,176367
31756,110595,176367
31756,110595,176367
31756,110595,176367
31756,110595,176367
31756,110595,176367
31756,110595,176367
31756,110595,176367
31756,110595,176367
31756,110595,176367
31756,110595,176367
31756,110595,176367
31756,110595,176367
31756,110595,176367
31756,110595,176367
31756,110595,176367
31756,110595,176367
31756,110595,176367
31756,110595,176367
31756,110595,176367
31756,110595,176367
7798015,-6547712,131072
-7143937,-6547712,1716992
-4915457,-6547712,2260736
6225919,-6547712,-853248
-7012353,-6021632,8008193
655360,-6480384,-5085695
-8121844,374531,6479599
7087115,-6980093,-4533260
-1672182,6883842,695541
1201162,120833,4893685
-1173494,120833,4894965
-3500537,120833,5928949
-3249145,120833,-7164683
-2203897,120833,2798325
7355911,120833,-4018187
1846535,120833,6991861
7870983,120833,8041973
-2480123,124928,-2469885
5390085,124928,5954051
5521925,124928,1765635
-3782395,124928,-2480892
-2864379,124928,-6147580
957957,124928,-8195068
957957,124928,-8195068
957957,124928,-8195068
957957,124928,-8195068
957957,124928,-8195068
957957,124928,-8195068
957957,124928,-8195068
957957,124928,-8195068
957957,124928,-8195068
957957,124928,-8195068
957957,124928,-8195068
957957,124928,-8195068
957957,124928,-8195068
957957,124928,-8195068
957957,124928,-8195068
957957,124928,-8195068
957957,124928,-8195068
957957,124928,-8195068
957957,124928,-8195068
957957,124928,-8195068
957957,124928,-8195068
957957,124928,-8195068
957957,124928,-8195068
957957,124928,-8195068
957957,124928,-8195068
957957,124928,-8195068
957957,124928,-8195068
957957,124928,-8195068
957957,124928,-8195068
957957,124928,-8195068
957957,124928,-8195068
957957,124928,-8195068
957957,124928,-8195068
957957,124928,-8195068
957957,124928,-8195068
957957,124928,-8195068
957957,124928,-8195068
957957,124928,-8195068
957957,124928,-8195068
957957,124928,-8195068
957957,124928,-8195068
957957,124928,-8195068
957957,124928,-8195068
957957,124928,-8195068
957957,124928,-8195068
957957,124928,-8195068
957957,124928,-8195068
957957,124928,-8195068
957957,124928,-8195068
957957,124928,-8195068
957957,124928,-8195068
957957,124928,-8195068
957957,124928,-8195068
957957,124928,-8195068
957957,124928,-8195068
957957,124928,-8195068
957957,124928,-8195068
957957,124928,-8195068
957957,124928,-8195068
957957,124928,-8195068
957957,124928,-8195068
957957,124928,-8195068
957957,124928,-8195068
957957,124928,-8195068
957957,124928,-8195068
957957,124928,-8195068
957957,124928,-8195068
957957,124928,-8195068
957957,124928,-8195068
957957,124928,-8195068
957957,124928,-8195068
957957,124928,-8195068
957957,124928,-8195068
957957,124928,-8195068
957957,124928,-8195068
31756,110595,176367
31756,110595,176367
31756,110595,176367
31756,110595,176367
31756,110595,176367
31756,110595,176367
31756,110595,176367
31756,110595,176367
31756,110595,176367
31756,110595,176367
31756,110595,176367
31756,110595,176367
31756,110595,176367
31756,110595,176367
31756,110595,176367
31756,110595,176367
31756,110595,176367
31756,110595,176367
31756,110595,176367
31756,110595,176367
31756,110595,176367
31756,110595,176367
31756,110595,176367
31756,110595,176367
31756,110595,176367
31756,110595,176367
31756,110595,176367
31756,110595,176367
31756,110595,176367
982271,-6547712,-2427649
4914431,-6547712,-4058880
6749439,-6547712,3819520
-66561,-6547712,2791424
2555391,-6547712,1703937
-5504512,2694912,-7703039
-4980724,5347331,-859921
2384905,-1996542,6443763
-1553399,-2002686,5404659
-1165815,-1224446,-1926669
1450761,-7001598,-2965261
2757129,6683649,-5051149
5957640,120833,2264564
-2728440,120833,4384245
-2864376,120833,6487541
4078088,120833,-6680842
-2615032,120833,141302
-6944248,120833,3813878
4386311,120833,1721334
-8331001,120833,-8238346
2545159,120833,7491574
-4179193,120833,-4038667
2240775,120833,-2472203
1066503,120833,4880628
541447,120833,4350708
2638855,120833,3833076
6046215,120833,-7677708
-6014713,120833,-6098188
-3397369,120833,2760693
7086087,120833,2249717
6822919,120833,1206517
-4319225,120833,-5080587
5905671,120833,-5608715
14343,120833,-5612044
-377593,120833,3288052
-6145017,120833,-6621197
-6933241,120833,-6120205
6043399,120833,1209075
-247289,120833,6966771
-6930681,120833,143347
934919,120833,-1436429
3692807,120833,2791666
-1547769,120833,683506
-233465,120833,2242802
-1262584,122881,5424886
5557000,122881,2265078
8312840,-4595967,7495158
589320,120833,4384501
7737865,120833,1218805
2100489,122881,8000245
-6290167,-8003839,-854796
-6754808,120833,5420020
5302280,120833,1745908
-2828536,120833,-2458380
-3101176,120833,5390836
3453703,120833,139764
-4415481,120833,-1965324
-5734649,120833,-338445
-2596857,120833,-6628877
-1288697,120833,7996660
-3518457,120833,6960884
-1946873,120833,-4036876
3948807,120833,-345868
-1428729,120833,3338740
-3658489,120833,-1964299
-7429625,120833,4350964
7777543,120833,-1414668
-7555321,120833,-5084428
-5455865,120833,-6657804
-3749881,120833,157172
-3354873,120833,5937907
5543687,120833,4386289
-7825913,120833,3325681
-4941305,120833,-6119695
-7429113,120833,-2979087
-7163641,120833,2786289
2800391,120833,-6127887
6996231,120833,-5080079
-2964473,120833,1735409
-342777,120833,-7702031
7915015,120833,-5082383
-4667385,120833,3298545
5163527,120833,-7201295
3852039,120833,-1386512
2014983,120833,-6648848
-5357305,106498,4905702
5386247,106498,-5063194
4989447,106498,-1394970
136455,106498,4376294
3277575,106498,-4006426
-498938,106498,8007655
-2076410,106498,-6150425
-1031418,106498,-2482201
-3131130,106498,-1959193
1454854,106498,-6678553
4861702,106498,-4057625
-2740986,106498,660967
1322758,106498,3808231
-7326458,106498,-905497
-3516666,106498,3310823
8284422,106498,-7164697
-2459386,106498,1756903
166150,106498,-8196633
-8218874,106498,-8254744
-8084474,106498,4861160
2926598,106498,5394920
-2190330,106498,5932008
-4297978,106498,3317480
-2586874,106498,-7681561
6591494,106498,5418471
7641350,106498,3841767
7641350,106498,2793191
3445254,106498,2795495
-1013754,106498,2801383
8290310,106498,-6105625
-7440378,106498,-6624537
2648582,106498,2231016
2267398,106498,-3490329
1352710,106498,-2975257
6596870,106498,-2988057
7252486,106498,4338919
-3500026,106498,-6153753
-5074938,106498,-6671641
-5732090,106498,7490279
4358918,106498,2777063
-8094458,106498,-5082905
-356346,106498,4909542
3692806,106498,-3514137
-7973370,106498,-2456857
1854982,106498,-5065497
5130502,106498,-1391897
6566918,106498,2785255
1848326,106498,-7176985
1848326,106498,-7176985
1848326,106498,-7176985
1848326,106498,-7176985
1848326,106498,-7176985
3945734,106498,4882151
-2475258,106498,-8222233
-6797562,106498,-4021273
7493382,106498,-7679513
-8348154,106498,-3534615
2141702,106498,6437865
-6375162,106498,151785
3064582,106498,-1941271
-3749114,106498,-8228119
-5975290,106498,6456809
5298950,106498,6461673
-5053690,106498,6465769
2026758,106498,2273769
7927302,106498,-7689495
-3869946,106498,4886249
-5706746,106498,2263017
-1907450,106498,-4028439
-2564346,106498,8031977
7920134,106498,1742825
-3746554,106498,1221097
-2436858,106498,175337
-2961914,106498,-4016151
4512518,106498,698857
-3087098,106498,-5600279
-7600377,106498,3814889
-2486265,106498,-7725335
792839,106498,4328425
4595719,106498,2292456
6170119,106498,-5576472
5384967,106498,-8202520
-773625,106498,5944296
-510713,106498,-2448664
8009735,106498,2266088
2257159,106498,-4044824
2257159,106498,-4044824
2257159,106498,-4044824
2257159,106498,-4044824
2257159,106498,-4044824
2257159,106498,-4044824
2257159,106498,-4044824
2257159,106498,-4044824
2257159,106498,-4044824
2257159,106498,-4044824
2257159,106498,-4044824
2257159,106498,-4044824
2257159,106498,-4044824
2257159,106498,-4044824
2257159,106498,-4044824
2257159,106498,-4044824
2257159,106498,-4044824
2257159,106498,-4044824
2257159,106498,-4044824
2257159,106498,-4044824
2257159,106498,-4044824
2257159,106498,-4044824
2257159,106498,-4044824
2257159,106498,-4044824
2257159,106498,-4044824
2257159,106498,-4044824
2257159,106498,-4044824
2257159,106498,-4044824
2257159,106498,-4044824
2257159,106498,-4044824
2257159,106498,-4044824
2257159,106498,-4044824
2257159,106498,-4044824
2257159,106498,-4044824
2257159,106498,-4044824
2257159,106498,-4044824
2257159,106498,-4044824
2257159,106498,-4044824
2257159,106498,-4044824
2257159,106498,-4044824
2257159,106498,-4044824
2257159,106498,-4044824
2257159,106498,-4044824
2257159,106498,-4044824
2257159,106498,-4044824
2257159,106498,-4044824
2257159,106498,-4044824
2257159,106498,-4044824
2257159,106498,-4044824
2257159,106498,-4044824
2257159,106498,-4044824
2257159,106498,-4044824
2257159,106498,-4044824
2257159,106498,-4044824
2257159,106498,-4044824
2257159,106498,-4044824
2257159,106498,-4044824
2257159,106498,-4044824
2257159,106498,-4044824
2257159,106498,-4044824
2257159,106498,-4044824
2257159,106498,-4044824
2257159,106498,-4044824
2257159,106498,-4044824
2257159,106498,-4044824
2257159,106498,-4044824
2257159,106498,-4044824
2257159,106498,-4044824
2257159,106498,-4044824
2257159,106498,-4044824
2257159,106498,-4044824
2257159,106498,-4044824
2257159,106498,-4044824
2257159,106498,-4044824
2257159,106498,-4044824
2257159,106498,-4044824
2257159,106498,-4044824
2257159,106498,-4044824
2257159,106498,-4044824
2257159,106498,-4044824
2257159,106498,-4044824
2257159,106498,-4044824
2257159,106498,-4044824
2257159,106498,-4044824
2257159,106498,-4044824
31756,110595,176367
31756,110595,176367
31756,110595,176367
31756,110595,176367
31756,110595,176367
31756,110595,176367
31756,110595,176367
31756,110595,176367
31756,110595,176367
31756,110595,176367
31756,110595,176367
31756,110595,176367
31756,110595,176367
31756,110595,176367
31756,110595,176367
31756,110595,176367
31756,110595,176367
31756,110595,176367
31756,110595,176367
31756,110595,176367
31756,110595,176367
31756,110595,176367
31756,110595,176367
31756,110595,176367
31756,110595,176367
31756,110595,176367
31756,110595,176367
4913919,-6547712,-7143681
-4524545,-6547712,1188864
-1249793,-6547712,-6136064
2286335,-6547712,3321600
4641535,3153664,-1437695
789515,90627,6981356
5305866,868867,2252268
-622326,5349122,7005931
-7863286,-1237502,-8251413
-8333047,120833,-1401878
577801,120833,3303658
2410761,120833,-6671638
8306953,120833,-6095895
-5065975,120833,-2454295
-2314999,120833,-1419287
-6903799,120833,-7723543
2924297,120833,-8205592
3446537,120833,-6652440
-1928695,120833,5922536
-622839,120833,1710056
-7442679,120833,-7207704
4199432,-3321342,-5580825
4068360,-8034558,1237991
4068360,3245314,1764071
4068360,5350146,-4526361
267272,3260930,-5573657
133128,-718845,-7729688
8126728,3736835,5380072
-1789177,106498,-2483224
-1268473,106498,-7724824
-2848505,106498,3811560
-6390777,106498,7482088
2650119,106498,2763752
-7707641,106498,1191144
-2860793,106498,2764008
937991,106498,-4576280
4212487,106498,4336616
7094023,106498,5385192
5245703,106498,144872
399622,106498,-5111319
-1833978,106498,5435880
-3608059,106498,7529192
-1650427,106498,6474728
5551109,106498,8042216
-2578939,106498,3845352
1874437,106498,3318504
2919941,106498,-1926936
1999621,106498,1216744
-231419,106498,-1931288
-3379451,106498,3309800
-7051515,106498,1735144
5791749,106498,-7179544
1333765,106498,-2986776
-6504956,4050690,5434087
-4669436,3264002,5958887
2634244,1438721,-7177232
-8244988,7725569,-872720
-1560316,909057,7526640
142340,4052993,1199089
-251900,645121,7503601
7349764,120833,1753329
-6520830,-3818495,5898487
-3515902,-1998847,3848182
-6010110,-3844351,-8217866
-6144510,-973055,-1932554
2372354,-1707776,1207286
8006146,1422848,-6664458
3410178,129279,4847093
5434881,129279,4792054
-4921855,129279,3224310
7890434,129279,7953398
1995010,129279,-3049226
-7055102,129279,2704886
-5586175,655103,-1499144
-5586175,655103,-1499144
-5586175,655103,-1499144
-5586175,655103,-1499144
-5586175,655103,-1499144
-5586175,655103,-1499144
-5586175,655103,-1499144
-5586175,655103,-1499144
-5586175,655103,-1499144
-5586175,655103,-1499144
-5586175,655103,-1499144
-5586175,655103,-1499144
-5586175,655103,-1499144
-5586175,655103,-1499144
-5586175,655103,-1499144
-5586175,655103,-1499144
-5586175,655103,-1499144
-5586175,655103,-1499144
-5586175,655103,-1499144
-5586175,655103,-1499144
-5586175,655103,-1499144
-5586175,655103,-1499144
-5586175,655103,-1499144
-5586175,655103,-1499144
-5586175,655103,-1499144
-5586175,655103,-1499144
-5586175,655103,-1499144
-5586175,655103,-1499144
-5586175,655103,-1499144
-5586175,655103,-1499144
-5586175,655103,-1499144
-5586175,655103,-1499144
-5586175,655103,-1499144
-5586175,655103,-1499144
-5586175,655103,-1499144
-5586175,655103,-1499144
-5586175,655103,-1499144
-5586175,655103,-1499144
-5586175,655103,-1499144
-5586175,655103,-1499144
-5586175,655103,-1499144
-5586175,655103,-1499144
458753,265799,3147520
-5586175,655103,-1499144
-5586175,655103,-1499144
-5586175,655103,-1499144
-5586175,655103,-1499144
-5586175,655103,-1499144
-5586175,655103,-1499144
-5586175,655103,-1499144
-5586175,655103,-1499144
-5586175,655103,-1499144
-5586175,655103,-1499144
-5586175,655103,-1499144
-5586175,655103,-1499144
-5586175,655103,-1499144
-5586175,655103,-1499144
-5586175,655103,-1499144
-5586175,655103,-1499144
-5586175,655103,-1499144
-5586175,655103,-1499144
-5586175,655103,-1499144
-5586175,655103,-1499144
-5586175,655103,-1499144
-5586175,655103,-1499144
-5586175,655103,-1499144
-5586175,655103,-1499144
-5586175,655103,-1499144
-5586175,655103,-1499144
-5586175,655103,-1499144
31756,110595,176367
31756,110595,176367
31756,110595,176367
31756,110595,176367
31756,110595,176367
31756,110595,176367
31756,110595,176367
31756,110595,176367
31756,110595,176367
31756,110595,176367
31756,110595,176367
31756,110595,176367
31756,110595,176367
31756,110595,176367
31756,110595,176367
31756,110595,176367
31756,110595,176367
31756,110595,176367
-5309185,-6547712,193791
-4325376,-6482176,-914688
6031360,-6482176,2767104
-4316672,-6482176,-6106880
1718016,-4645376,4336897
405771,-2784765,7500530
-3139573,618243,-2981902
1311243,-175613,-8223758
3337226,4534019,689394
448266,7406595,-5077262
2924554,106498,-6130446
4224778,106498,7493618
1201161,3796738,-8216334
-5239031,2954755,3340786
2682632,-4325886,6439411
8053256,-5905150,-893197
-2173432,-7748606,7502835
-5193464,-5673982,2800883
4765704,79618,2285811
2535176,-7996671,-7731980
3445512,120833,-4561164
-2718712,120833,-6649100
6577160,120833,-870156
2537478,104448,3333624
961798,104448,2770425
-7847418,-8269055,8037118
4228357,-4119295,2281215
-5227259,124928,-7708928
-1818363,124928,-917244
285189,124928,4881924
5410053,124928,3823621
300549,124928,-6652411
-2465531,124928,3820550
834051,-6687231,2779398
163843,6632194,3312901
2118915,6632194,-8239099
2118915,6632194,-8239099
-109565,6632194,6440965
5781251,6632194,-1435387
-7455230,124928,-1955837
-4050174,124928,-1437949
-5232382,124928,7532290
4724994,124928,5938690
-1179134,124928,2765058
5388288,-3823872,4326656
-1035008,5316609,2812927
-4171008,4836097,2801151
6707456,4549377,5942271
-3515136,-1968640,5939711
-2743552,-4331008,5939711
-515328,-4331008,5939711
4334592,-4331008,5939711
6439168,-2234624,-1424896
-5358848,3009024,4340736
-5495808,-4331008,-5104640
-1432576,-4331008,-5104640
795904,-4331008,-5104640
5639168,-137472,-3533823
4474878,2937857,-6158078
7883006,822529,-341758
150014,-3644159,-2488061
-7976194,59392,-8194557
2771710,5040128,2776836
5655038,7641088,-4550651
145407,63743,-1500150
-768513,63743,3212042
-3649793,63743,7466249
-502529,63743,646665
4741887,63743,643593
-368897,63743,116745
4482047,-5179137,4833033
4483071,2685695,3782409
4224255,-7799809,-7234551
1083135,63743,129801
-5075969,63743,-2025462
37119,-7799809,6893834
37631,-4654081,7423498
-4944385,-4654081,7437834
297215,-4654081,624394
-5471745,-4654081,-4617462
-4555266,63743,2200584
1208830,7624960,2261766
-7702786,6574848,5937414
-3110402,1333504,-8223738
3313150,6053120,-2984954
7098110,7104512,4869126
-7056898,5010176,6431750
-3122690,-1012224,704261
7381758,588031,3745289
6609150,63743,2197001
-1251330,63743,6901769
1242622,63743,-2519800
1375486,63743,4790792
-6022657,63743,6385415
7217407,63743,-7254777
-3135745,63743,6369031
-5079042,63743,-8271095
-6537474,63743,-6738424
7107582,543488,1226758
3826942,1112319,4784393
5692671,63743,5838090
315903,63743,-4104694
4114943,2947327,6381066
-66049,63743,5321994
-66049,63743,5321994
-66049,63743,5321994
-66049,63743,5321994
-66049,63743,5321994
-66049,63743,5321994
-66049,63743,5321994
-66049,63743,5321994
-66049,63743,5321994
-66049,63743,5321994
-66049,63743,5321994
-66049,63743,5321994
-66049,63743,5321994
-66049,63743,5321994
-66049,63743,5321994
-66049,63743,5321994
-66049,63743,5321994
-66049,63743,5321994
-66049,63743,5321994
-66049,63743,5321994
-66049,63743,5321994
-66049,63743,5321994
-66049,63743,5321994
-66049,63743,5321994
-66049,63743,5321994
-66049,63743,5321994
-66049,63743,5321994
-66049,63743,5321994
-66049,63743,5321994
-66049,63743,5321994
-66049,63743,5321994
-66049,63743,5321994
-66049,63743,5321994
-66049,63743,5321994
-66049,63743,5321994
-66049,63743,5321994
-66049,63743,5321994
-66049,63743,5321994
-66049,63743,5321994
-66049,63743,5321994
-66049,63743,5321994
-66049,63743,5321994
-66049,63743,5321994
-66049,63743,5321994
-66049,63743,5321994
-66049,63743,5321994
-66049,63743,5321994
-66049,63743,5321994
-66049,63743,5321994
-66049,63743,5321994
-66049,63743,5321994
-66049,63743,5321994
-66049,63743,5321994
-66049,63743,5321994
-66049,63743,5321994
-66049,63743,5321994
-66049,63743,5321994
-66049,63743,5321994
-66049,63743,5321994
-66049,63743,5321994
-66049,63743,5321994
-66049,63743,5321994
-66049,63743,5321994
-66049,63743,5321994
-66049,63743,5321994
-66049,63743,5321994
-66049,63743,5321994
-66049,63743,5321994
-66049,63743,5321994
-66049,63743,5321994
-66049,63743,5321994
-66049,63743,5321994
-66049,63743,5321994
-66049,63743,5321994
-66049,63743,5321994
-66049,63743,5321994
-66049,63743,5321994
-66049,63743,5321994
31756,110595,176367
31756,110595,176367
31756,110595,176367
31756,110595,176367
31756,110595,176367
31756,110595,176367
31756,110595,176367
31756,110595,176367
31756,110595,176367
31756,110595,176367
31756,110595,176367
31756,110595,176367
31756,110595,176367
31756,110595,176367
31756,110595,176367
31756,110595,176367
31756,110595,176367
31756,110595,176367
31756,110595,176367
31756,110595,176367
31756,110595,176367
31756,110595,176367
31756,110595,176367
31756,110595,176367
4521215,-6547712,1705984
-6488577,-6547712,-2457344
1572864,4792064,-7709439
-5240820,628995,-2963473
-7544566,3492099,4375534
6081802,-2808317,3853294
-1289718,106498,-1437713
6560522,106498,1231854
6556426,106498,4360430
7210506,106498,-6659858
-4848630,106498,-7188754
3539722,106498,5389806
7602186,106498,-7725842
3604233,106498,-8254226
-1834486,106498,660718
3811338,106498,4333038
-8377590,106498,-5577235
-1562870,106498,-2969619
3415818,106498,-2980115
-4713718,106498,4354541
1443850,106498,-2464019
4390153,106498,6446829
6746889,106498,-5089811
-7280119,106498,6442221
-2694647,106498,-1424915
2022409,106498,-378899
5821961,106498,143341
5034249,106498,-5626131
-3879927,106498,-8249619
-1917943,106498,1706221
-5313016,-138751,5953260
2277896,120833,3300589
5259016,120833,8049905
7224328,120833,4858098
-2696953,116738,-5602300
5429511,116738,8050948
2676743,116738,664837
7127815,116738,152838
5684999,116738,1738758
8043271,116738,5420806
-5720313,116738,2810374
6730247,116738,-2489081
1354503,116738,-6152953
828167,116738,141575
-7169273,116738,6434311
431367,116738,-8244729
5017351,116738,668935
-2982137,116738,5388039
-892153,116738,6961159
7361799,116738,7485703
-2453754,-3032574,-2966266
-4295162,632578,-4022266
-893434,-161278,3311622
7096582,4548354,1211654
-4442618,7158786,4357894
9990,68354,-4027386
-3401722,7983873,1219334
-4846842,4822529,5414150
4118533,124928,4372742
7527429,124928,3314694
-7931899,124928,-4536570
919302,124928,7996423
3149062,124928,-6675705
7737862,124928,-4046073
-5237242,124928,6973447
-5105914,124928,-6646265
-6285562,124928,1764615
795910,124928,-1382137
795910,124928,-1382137
926470,124928,4908551
3804678,124928,-874489
5376518,124928,7508231
-7993594,124928,687111
8258822,124928,-6657785
-2876154,124928,-4542457
5384710,124928,5950215
6043654,124928,4904199
-1686266,124928,-6108921
-5485818,124928,-4023801
2508550,124928,682503
6569222,124928,-2995705
-7720186,124928,-5099257
7350790,124928,-7726585
5251590,124928,4326407
3021574,124928,2289414
660742,124928,187398
-1306874,124928,4377350
-2749690,124928,-6636538
6309382,125952,1711110
3162374,-136448,4896005
7224838,1435648,-4028411
2767622,124928,-7184635
8140550,124928,-8243195
-4705530,124928,-7727867
1454086,124928,7009796
6171654,124928,-2958588
-6150138,124928,-1915644
4077062,124928,4864261
4206598,124928,135173
-1431802,124928,-5050108
1051654,124928,7002628
7534597,124928,-7673596
3451397,124928,-4536059
3451397,124928,-4536059
3451397,124928,-4536059
3451397,124928,-4536059
6455045,124928,6476037
5924870,-2234368,-7674106
7106310,1959936,-8241145
-5313787,75778,7482896
-599291,75778,1714448
-5976571,75778,3804176
835589,75778,8039439
2012933,75778,-4042737
5945349,75778,140815
-1786875,600066,-6155505
-4538107,75778,720654
-4274683,75778,4385550
322053,75778,-4583409
-5705467,75778,706062
5261574,124928,6980871
1988358,124928,-5094905
795142,124928,-8230908
-1271802,124928,-2484220
7513606,124928,5393412
1745670,124928,-3522040
-2843130,124928,-1929720
-2460922,1965312,-6154230
-2714618,642817,2801675
-5749498,1910018,-871667
7749382,600066,5386510
-6144762,75778,-5606898
3947270,75778,-4525810
5257478,75778,-3003889
-4574202,75778,678671
2501894,75778,1212431
-2087930,75778,-7692273
-5891066,75778,1752847
-5893114,75778,-2958321
6950150,75778,7011343
3278598,75778,4332560
6029830,75778,4864528
-2294267,75778,-1419760
4914181,75778,-6131440
-2164731,75778,6463504
-6752507,75778,3322896
3208709,75778,5424400
-5966843,75778,-5057776
5564421,75778,-388847
-871163,75778,-2473967
-3624955,75778,-4577519
6726405,75778,-5111279
-7562747,75778,1243408
1464837,75778,-5573360
-3913468,75778,6461457
-5622524,75778,1214737
-3267836,75778,-5081583
3674884,75778,-367343
3670788,75778,1202961
-4787453,75778,-5090543
-3480573,75778,-7712239
-4008445,75778,8017937
6474243,75778,5925649
1228803,75778,4359697
-2184701,75778,4378641
1483011,75778,-332015
-1796093,75778,4328466
6984195,75778,2237970
458753,267379,3147520
-886013,75778,-343534
-886013,75778,-343534
-886013,75778,-343534
-886013,75778,-343534
-886013,75778,-343534
-886013,75778,-343534
-886013,75778,-343534
-886013,75778,-343534
-886013,75778,-343534
-886013,75778,-343534
-886013,75778,-343534
-886013,75778,-343534
-886013,75778,-343534
-886013,75778,-343534
-886013,75778,-343534
-886013,75778,-343534
-886013,75778,-343534
-886013,75778,-343534
-886013,75778,-343534
-886013,75778,-343534
-886013,75778,-343534
-886013,75778,-343534
-886013,75778,-343534
-886013,75778,-343534
-886013,75778,-343534
-886013,75778,-343534
-886013,75778,-343534
-886013,75778,-343534
-886013,75778,-343534
-886013,75778,-343534
-886013,75778,-343534
-886013,75778,-343534
-886013,75778,-343534
-886013,75778,-343534
-886013,75778,-343534
-886013,75778,-343534
-886013,75778,-343534
-886013,75778,-343534
-886013,75778,-343534
-886013,75778,-343534
-886013,75778,-343534
-886013,75778,-343534
-886013,75778,-343534
-886013,75778,-343534
-886013,75778,-343534
-886013,75778,-343534
-886013,75778,-343534
-886013,75778,-343534
-886013,75778,-343534
-886013,75778,-343534
-886013,75778,-343534
-886013,75778,-343534
-886013,75778,-343534
-886013,75778,-343534
-886013,75778,-343534
-886013,75778,-343534
-886013,75778,-343534
-886013,75778,-343534
-886013,75778,-343534
-886013,75778,-343534
-886013,75778,-343534
-886013,75778,-343534
-886013,75778,-343534
-886013,75778,-343534
-886013,75778,-343534
-886013,75778,-343534
-886013,75778,-343534
-886013,75778,-343534
-886013,75778,-343534
-886013,75778,-343534
-886013,75778,-343534
-886013,75778,-343534
-886013,75778,-343534
-886013,75778,-343534
31756,110595,176367
31756,110595,176367
31756,110595,176367
31756,110595,176367
31756,110595,176367
31756,110595,176367
31756,110595,176367
31756,110595,176367
31756,110595,176367
31756,110595,176367
31756,110595,176367
31756,110595,176367
31756,110595,176367
31756,110595,176367
31756,110595,176367
31756,110595,176367
31756,110595,176367
64767,-6547712,192767
64767,-6547712,192767
64767,-6547712,192767
64767,-6547712,192767
64767,-6547712,192767
64767,-6547712,192767
64767,-6547712,192767
64767,-6547712,192767
64767,-6547712,192767
64767,-6547712,192767
64767,-6547712,192767
64767,-6547712,192767
64767,-6547712,192767
64767,-6547712,192767
64767,-6547712,192767
64767,-6547712,192767
64767,-6547712,192767
64767,-6547712,192767
64767,-6547712,192767
64767,-6547712,192767
64767,-6547712,192767
64767,-6547712,192767
64767,-6547712,192767
64767,-6547712,192767
64767,-6547712,192767
64767,-6547712,192767
-4954100,-5121021,1753583
-7333364,-7500028,4327152
-2438645,-4112891,-2994960
-7964405,-661243,-2976528
-7330293,-3829754,4382448
-1126134,-3591673,2763249
-8117494,-5675512,-7158799
-5584631,-6424824,1709042
28169,-1474295,3826930
8261641,328970,178162
1618184,6914058,7474163
3704583,5094923,2233332
-1695993,-4910068,-6656268
-8342010,3497996,-1913868
-374266,892940,1190901
4775173,7721740,2788597
6450437,-5900020,3862517
3865348,-4124403,4871414
-651516,2167821,-7723785
1580803,-2764020,5962999
6071554,6134028,-365832
-8115966,2968588,-4006920
-7689471,5630731,-4043015
6302465,-3050229,-867335
-219136,-6952438,7486458
5645312,-6993910,4371962
6462975,-5730807,7483899
1316095,-5719288,1224955
6457598,5819911,2241020
4258557,8176902,-5065476
-8071428,-4695292,-6634499
-3129092,325634,675838
7519483,-7021311,5945086
-8095237,7110145,1234174
-1540101,3697665,2803966
-1540101,3697665,2803966
-1540101,3697665,2803966
-1540101,3697665,2803966
-1540101,3697665,2803966
-1540101,3697665,2803966
-1540101,3697665,2803966
-1540101,3697665,2803966
-1540101,3697665,2803966
-1540101,3697665,2803966
-1540101,3697665,2803966
-1540101,3697665,2803966
-1540101,3697665,2803966
-1540101,3697665,2803966
-1540101,3697665,2803966
-1540101,3697665,2803966
-1540101,3697665,2803966
-1540101,3697665,2803966
-1540101,3697665,2803966
-1540101,3697665,2803966
-1540101,3697665,2803966
-1540101,3697665,2803966
-1540101,3697665,2803966
-1540101,3697665,2803966
-1540101,3697665,2803966
-1540101,3697665,2803966
-1540101,3697665,2803966
