16772096 6044 16723970
16772096 6044 16723970
16772096 6044 16723970
16772096 6044 16723970
16772096 6044 16723970
16772096 6044 16723970
16772096 6044 16723970
16772096 6044 16723970
16772096 6044 16723970
16772096 6044 16723970
16772096 6044 16723970
16772096 6044 16723970
16772096 6044 16723970
16772096 6044 16723970
16772096 6044 16723970
16772096 6044 16723970
16772096 6044 16723970
16772096 6044 16723970
16772096 6044 16723970
16772096 6044 16723970
16772096 6044 16723970
16772096 6044 16723970
16772096 6044 16723970
16772096 6044 16723970
16772096 6044 16723970
16772096 6044 16723970
16772096 6044 16723970
16772096 6044 16723970
16772096 6044 16723970
16772096 6044 16723970
16772096 6044 16723970
16772096 6044 16723970
16772096 6044 16723970
16772096 6044 16723970
16772096 6044 16723970
16772096 6044 16723970
16772096 6044 16723970
16772096 6044 16723970
16772096 6044 16723970
16772096 6044 16723970
16772096 6044 16723970
16772096 6044 16723970
16772096 6044 16723970
16772096 6044 16723970
16772096 6044 16723970
16772096 6044 16723970
16772096 6044 16723970
16772096 6044 16723970
16772096 6044 16723970
16772096 6044 16723970
16772096 6044 16723970
16772096 6044 16723970
16772096 6044 16723970
16772096 6044 16723970
16772096 6044 16723970
16772096 6044 16723970
16772096 6044 16723970
16772096 6044 16723970
16772096 6044 16723970
16772096 6044 16723970
16772096 6044 16723970
16772096 6044 16723970
16772096 6044 16723970
16772096 6044 16723970
16772096 6044 16723970
16772096 6044 16723970
16772096 6044 16723970
16772096 6044 16723970
16772096 6044 16723970
16772096 6044 16723970
16772096 6044 16723970
16772096 6044 16723970
16772096 6044 16723970
16772096 6044 16723970
16772096 6044 16723970
16772096 6044 16723970
16772096 6044 16723970
16772096 6044 16723970
16772096 6044 16723970
16772096 6044 16723970
16772096 6044 16723970
16772096 6044 16723970
16772096 6044 16723970
16772096 6044 16723970
16772096 6044 16723970
16772096 6044 16723970
16772096 6044 16723970
16772096 6044 16723970
16772096 6044 16723970
16772096 6044 16723970
16772096 6044 16723970
16772096 6044 16723970
16772096 6044 16723970
16772096 6044 16723970
16772096 6044 16723970
16772096 6044 16723970
16772096 6044 16723970
16772096 6044 16723970
16772096 6044 16723970
16772096 6044 16723970
16772096 6044 16723970
16772096 6044 16723970
16772096 6044 16723970
16772096 6044 16723970
16772096 6044 16723970
16772096 6044 16723970
16772096 6044 16723970
16772096 6044 16723970
16772096 6044 16723970
16772096 6044 16723970
16772096 6044 16723970
16772096 6044 16723970
16772096 6044 16723970
16772096 6044 16723970
16772096 6044 16723970
16772096 6044 16723970
16772096 6044 16723970
16772096 6044 16723970
16772096 6044 16723970
16772096 6044 16723970
16772096 6044 16723970
16772096 6044 16723970
16772096 6044 16723970
16772096 6044 16723970
16772096 6044 16723970
16772096 6044 16723970
16772096 6044 16723970
16772096 6044 16723970
16772096 6044 16723970
16772096 6044 16723970
16772096 6044 16723970
16772096 6044 16723970
16772096 6044 16723970
16772096 6044 16723970
16772096 6044 16723970
16772096 6044 16723970
16772096 6044 16723970
16772096 6044 16723970
16772096 6044 16723970
16772096 6044 16723970
16772096 6044 16723970
16772096 6044 16723970
16772096 6044 16723970
16772096 6044 16723970
16772096 6044 16723970
16772096 6044 16723970
16772096 6044 16723970
16772096 6044 16723970
16772096 6044 16723970
16772096 6044 16723970
16772096 6044 16723970
16772096 6044 16723970
16772096 6044 16723970
16772096 6044 16723970
16772096 6044 16723970
16772096 6044 16723970
16772096 6044 16723970
16772096 6044 16723970
16772096 6044 16723970
16772096 6044 16723970
16772096 6044 16723970
16772096 6044 16723970
16772096 6044 16723970
16772096 6044 16723970
16772096 6044 16723970
16772096 6044 16723970
16772096 6044 16723970
16772096 6044 16723970
16772096 6044 16723970
16772096 6044 16723970
16772096 6044 16723970
16772096 6044 16723970
16772096 6044 16723970
16772096 6044 16723970
16772096 6044 16723970
16772096 6044 16723970
16772096 6044 16723970
16772096 6044 16723970
16772096 6044 16723970
16772096 6044 16723970
16772096 6044 16723970
16772096 6044 16723970
16772096 6044 16723970
16771788 6044 16728642
16770562 6044 16742362
16769364 6044 16756642
16768642 6044 16771130
16769270 6044 8002
16770032 6044 21346
16770546 6044 34066
16770992 6044 45938
16771400 6044 56890
16771792 6044 66874
16772346 7708 75666
16773078 8000 83210
16773758 8008 89754
16774266 7816 96642
16774780 7188 101634
16775310 6108 106258
16776050 3204 112810
16777180 16776564 122857
780022 233473 15723594
775332 233473 15729738
717144 221769 15781602
711330 214645 15781330
705850 205761 15777818
700680 195189 15774042
693762 184521 15767474
690840 181013 15764170
687798 177365 15760954
684650 173589 15758378
681316 172033 15756626
677846 172033 15755882
674538 172033 15755418
671434 172033 15756114
668576 172033 15757858
666020 172033 15760794
663792 172033 15764522
661848 172033 15768370
660160 172033 15772010
658730 172033 15775426
657492 172033 15778442
656036 172033 15782794
606352 149729 15977234
602508 139205 15993658
598858 126961 16009634
588596 122349 16056458
484896 182277 114194
482658 182273 131722
480428 182273 147394
478080 182273 161522
475768 182273 174906
473472 182273 187706
471224 182273 199882
469058 182273 211354
466988 182273 222034
465048 182273 231962
463244 182273 241090
461574 182273 249394
460040 182273 256834
458668 182273 263514
457202 182273 270674
435190 178897 387770
431222 173829 409058
427442 166649 429218
423814 157505 448362
420340 146541 466642
417084 133885 484306
414226 119669 501674
411704 104005 518698
409380 87005 535234
407210 68773 551202
403098 59393 589114
401550 59397 606170
399848 59985 625946
398384 62405 646194
397280 65793 667802
390642 128709 784234
390052 134217 798826
389592 135937 813466
388968 137025 847018
388772 140525 860762
388744 139069 858354
388768 138745 856562
389136 138625 856970
389944 141401 999594
386706 141313 1043634
383668 141313 1058570
380324 141313 1070242
376896 141313 1079850
373678 141313 1088930
370680 141313 1097514
367948 141313 1105826
365510 141313 1113978
363272 141313 1121490
361142 141313 1127874
359140 141313 1133202
357290 141313 1137554
355656 141313 1141338
354232 141313 1144538
352770 141313 1147218
349936 141313 1151258
241766 150489 1192890
235878 157265 1193962
230172 161029 1194882
224614 161997 1195730
219244 160369 1197082
214106 156337 1199682
209132 150077 1202762
204292 141757 1205826
197558 141313 1209842
193742 141313 1211978
188724 141313 1214738
36884 159977 1318074
30454 165897 1319050
24404 170441 1318362
18584 173089 1316322
13158 173001 1312090
8238 170377 1306114
3734 165409 1299042
16777076 158276 1292066
16773842 149144 1285722
16771068 141312 1279794
16768848 141312 1274674
16766498 141312 1269082
16764096 141312 1262594
16762030 141312 1253850
16760288 141312 1243946
16758700 141312 1233810
16757084 141312 1223834
16755410 141312 1214506
16753794 141312 1205962
16752312 141312 1198114
16750996 141312 1190930
16749884 141312 1184354
16749012 141312 1178338
16748336 141312 1172954
16747802 141312 1168018
16746702 141312 1158378
16744994 141312 1154746
16743644 141312 1193138
16751186 141312 1221802
16754596 141312 1220482
16756956 141312 1211746
16758152 141312 1200546
16758830 141312 1189578
16759208 141312 1179354
16759524 141312 1170082
16759822 141312 1161810
16760106 141312 1154562
16760394 141312 1148322
16760704 141312 1142874
16760900 141564 1135666
16753406 141312 1153842
16750844 141312 1164658
16742122 141312 1180866
16741550 141312 1171274
16742554 141312 1159746
16743532 141312 1148762
16744488 141436 1138546
16745400 141840 1129162
16746240 142204 1120634
16747018 142532 1113018
16747726 142816 1106346
16748342 143064 1100570
16748878 143284 1095458
16749396 143572 1088690
16749448 143856 1082074
16748344 143648 1086922
16758096 141312 1156378
16761452 141312 1156330
16764338 141312 1151650
16765922 141312 1141874
16766418 141752 1131306
16766728 142168 1121570
16767058 142544 1112850
16767130 142876 1105050
16766942 143164 1098290
16766738 143416 1092442
16766564 143640 1087186
16766292 143932 1080314
16765736 144464 1067794
16765316 145072 1053562
16765316 145700 1038858
16765544 145808 1024242
16765812 144096 1010258
16765940 140028 996826
16751008 16775168 963113
16750908 16775168 962801
16750908 16775168 962801
16750908 16775168 962801
16750908 16775168 962801
16750908 16775168 962801
16750908 16775168 962801
16750908 16775168 962801
16750908 16775168 962801
16750908 16775168 962801
16750908 16775168 962801
16750908 16775168 962801
16750908 16775168 962801
16750908 16775168 962801
16750908 16775168 962801
16750908 16775168 962801
16750704 16775168 962329
16744422 16775168 949625
16740592 16775168 939945
16737044 16775168 930561
16734548 16775168 917921
16733694 16775168 902489
16732982 16775168 887257
16732120 16775168 872609
16731084 16775168 858817
16730110 16775168 845753
16729210 16775168 833513
16728424 16775168 822105
16727846 16775168 811489
16727518 16775168 801697
16727514 16775168 792825
16727622 16775168 784977
16727784 16775168 778169
16728112 16775168 773217
16732730 16775168 833529
16733808 16775168 847809
16734944 16775168 861969
16736588 16775168 874937
16739036 16775168 884313
16741898 16775168 881953
16743424 16775168 871281
16743600 16775168 859841
16743302 16775168 849321
16742992 16775168 839801
16742634 16775168 831313
16742282 16775168 823857
16741888 16775168 817465
16741338 16775168 811377
16740532 16775168 806553
16743962 16775168 856457
16745218 16775168 870497
16746720 16775168 883961
16748364 16775168 896657
16749954 16775168 908713
16749274 16775168 920073
16746518 16775168 923201
16744040 16775168 918633
16742738 16775168 910065
16742398 16775168 901105
16742674 16775168 893089
16743112 16775168 886217
16743518 16775168 880313
16743898 16775168 875089
16745396 16775168 867841
16752780 16775168 924377
16755980 16775168 930649
16759368 16775168 925905
16761794 16775168 915977
16762644 16775168 903265
16762282 16775168 890961
16761184 16775168 880329
16759792 16775168 871337
16758494 16775168 863257
16757312 16775168 856065
16756220 16775168 849857
16755254 16775168 844529
16754376 16775168 839985
16753422 16775168 835409
16751436 16775168 829489
16751358 16775168 859209
16751358 16775168 859209
16751358 16775168 859209
16751358 16775168 859209
16751358 16775168 859209
16751358 16775168 859209
16751358 16775168 859209
16751358 16775168 859209
16751358 16775168 859209
16751384 16775168 859257
16752516 16775168 859425
16755280 16775168 860105
16759660 16775168 861841
25144 16775169 794345
28652 16775169 778841
31680 16775169 764393
34432 16775169 750785
37040 16775169 737857
39578 16775169 725505
42042 16775169 713825
44034 16775169 701809
44802 16775169 688657
44718 16775169 676033
44504 16775169 664393
44324 16775169 653753
44186 16775169 644105
44086 16775169 635465
44034 16775169 627849
44032 16775169 621257
44092 16775169 611977
15362 16775169 707497
15236 16775169 719073
15224 16775169 733809
15554 16775169 751769
17780 16775169 779361
20100 16775169 791873
23928 16775169 805913
61178 16775169 828505
61178 16775169 828505
61178 16775169 828505
61178 16775169 828505
61178 16775169 828505
61178 16775169 828505
61178 16775169 828505
61178 16775169 828505
61178 16775169 828505
61178 16775169 828505
61178 16775169 828505
61178 16775169 828505
61178 16775169 828505
61178 16775169 828505
61178 16775169 828505
61178 16775169 828505
61178 16775169 828505
61178 16775169 828505
61178 16775169 828505
61178 16775169 828505
61178 16775169 828505
61178 16775169 828505
61178 16775169 828505
61178 16775169 828505
61178 16775169 828505
61178 16775169 828505
61178 16775169 828505
61178 16775169 828505
61178 16775169 828505
61178 16775169 828505
61178 16775169 828505
61178 16775169 828505
61178 16775169 828505
61178 16775169 828505
61178 16775169 828505
61178 16775169 828505
61178 16775169 828505
61178 16775169 828505
61178 16775169 828505
61178 16775169 828505
61178 16775169 828505
61178 16775169 828505
61178 16775169 828505
61178 16775169 828505
61178 16775169 828505
61178 16775169 828505
61178 16775169 828505
61178 16775169 828505
61178 16775169 828505
61178 16775169 828505
61178 16775169 828505
61178 16775169 828505
61178 16775169 828505
61178 16775169 828505
61178 16775169 828505
61178 16775169 828505
61178 16775169 828505
61178 16775169 828505
61178 16775169 828505
61178 16775169 828505
61178 16775169 828505
61178 16775169 828505
61178 16775169 828505
61178 16775169 828505
61178 16775169 828505
61178 16775169 828505
61178 16775169 828505
61178 16775169 828505
61178 16775169 828505
61178 16775169 828505
61178 16775169 828505
61178 16775169 828505
61178 16775169 828505
61178 16775169 828505
61178 16775169 828505
61178 16775169 828505
61178 16775169 828505
61178 16775169 828505
61178 16775169 828505
818176 241665 15708162
818176 241665 15708162
818176 241665 15708162
818176 241665 15708162
818176 241665 15708162
818176 241665 15708162
818176 241665 15708162
818176 241665 15708162
818176 241665 15708162
818176 241665 15708162
818176 241665 15708162
818176 241665 15708162
818176 241665 15708162
818176 241665 15708162
818176 241665 15708162
818176 241665 15708162
818176 241665 15708162
818176 241665 15708162
818176 241665 15708162
818176 241665 15708162
818176 241665 15708162
818176 241665 15708162
818176 241665 15708162
818176 241665 15708162
818176 241665 15708162
818176 241665 15708162
818176 241665 15708162
818176 241665 15708162
818176 241665 15708162
16776290 6044 16775570
16776650 6044 7274
64 6045 22666
976 6045 44514
2230 7265 72834
3836 7669 99562
4956 1401 117498
783708 233473 15736418
779576 233473 15740634
776290 233473 15747962
774178 233473 15764818
734936 231017 15938258
729022 226501 15951626
723426 219837 15964274
712890 200649 15986682
707896 188405 15996450
703086 174565 16005498
698468 159253 16014058
694054 142577 16022282
689838 124645 16030202
680356 120833 16045994
675866 120833 16051554
670666 120833 16057778
588156 121757 16185114
414814 211401 175226
409086 214349 175034
403688 214633 172978
389068 192005 148594
391488 182273 131234
392310 182273 140914
391178 182273 151474
388038 182273 168074
386132 182273 173266
381520 182273 185234
325400 119649 299858
266792 125785 369322
261924 126021 379754
217336 158217 443098
209194 150817 462154
201000 144317 480138
185400 140861 529754
180350 135793 545322
175672 128613 560874
171168 119469 575754
156340 111645 627290
150256 104265 686890
149052 102685 700234
147870 101137 712634
146598 99469 723050
144710 94581 742106
141794 86497 759122
105652 39849 681242
57418 16775185 614481
45012 16775169 627841
41372 16775169 631321
34158 16775169 634769
30732 16775169 635225
21564 16775169 633273
14428 16775169 630753
9302 16775169 628929
16668378 31324 389634
16668022 39100 361130
16667958 40504 355978
16667958 40504 355978
16667958 40504 355978
16667958 40504 355978
16667960 40352 357354
16668344 29008 404186
16686588 16775184 577769
16690266 16775172 590273
16695282 16775168 599033
16777098 16775168 686321
3562 16775169 684481
5834 16775169 683153
7912 16775169 681985
13856 16775169 679129
17398 16775169 675633
25964 16775169 663161
67894 16775169 673129
128112 73601 671722
246204 112049 564154
250914 112049 562242
254146 112049 561426
256582 112049 561090
258520 112049 560874
260128 112049 560706
261522 112049 560586
262776 112049 560458
263934 112049 560322
265032 112049 560066
266086 112049 559634
267108 112049 559066
268108 112049 558362
269094 112049 557586
270074 112049 556858
273558 114501 553466
277238 115297 549834
280190 113229 546906
283806 112705 538970
285590 112073 529434
287686 112049 508594
287644 112081 504626
287270 112069 501306
286784 112057 498250
285562 112029 492282
275238 117109 452666
270700 120613 439466
266480 120501 429290
262198 117801 421018
253226 112961 409522
235598 142449 384650
232130 145301 379786
231220 144709 381418
225262 144229 370882
221768 144229 365594
218350 144229 360722
215096 144229 355914
211998 144229 351690
208964 144229 350370
206142 144229 351090
203590 144229 352778
201328 144229 355162
199356 144229 357938
197578 144229 364554
254104 112273 382874
258532 112057 389074
262772 112053 395562
266534 112049 403578
270058 112049 411794
273410 112049 419914
276580 112049 427738
279208 112049 436682
281340 111517 447418
282178 110829 459058
282450 110549 470194
282568 110425 480330
282184 111813 488890
281554 112049 496610
280748 112049 502930
279714 112049 507434
278160 112049 511506
275132 112049 515842
307064 66401 206666
309284 62737 203194
310478 61961 203634
310430 61673 207930
307646 65457 226650
301588 78125 255682
298722 83449 264722
296116 88017 272514
293714 92101 279634
291880 95181 289098
288368 98425 304818
282104 107733 366578
272804 118157 471426
270062 116649 493466
262754 112877 520258
258824 112057 517786
261384 112053 511474
264552 112049 502978
269774 112049 481378
271394 112049 468946
271244 112049 457178
270210 112049 456114
269038 112049 463634
267938 112049 470978
266920 112049 477922
265992 112049 484514
265148 112049 490698
264392 112049 496386
263748 112049 501514
263180 112049 506194
262670 112049 510578
261524 112049 517602
247606 112049 545130
106302 40809 696394
16720046 16775168 942489
16722974 16775168 980313
16730462 16775168 1038177
16732260 16775168 1050673
16734142 16775168 1061793
16740774 16775168 1053873
16741752 16775168 1045985
16743402 16775168 1026673
16719306 16775168 867681
16753412 16776120 744993
16756912 16776120 739393
16759774 16776120 739665
16761886 16776120 745673
16763050 16776120 756929
16763032 16776120 772617
16761704 16776028 792161
16759048 16775176 814705
16737764 16775168 991153
16739698 16775168 1009481
16742294 16775168 1022249
16751378 16775168 1039537
16753934 16775168 1033593
16753800 16775168 1021081
16748504 16775168 986673
16746132 16775168 982049
16741916 16775168 974713
16739126 16775168 967649
16737282 16775168 958537
16736134 16775168 949041
16735482 16775168 939633
16735466 16775168 930441
16735466 16775168 930441
16735466 16775168 930441
16735466 16775168 930441
16735466 16775168 930441
16735466 16775168 930441
16735466 16775168 930441
16735466 16775168 930441
16735466 16775168 930441
16735466 16775168 930441
16735466 16775168 930441
16735466 16775168 930441
16735466 16775168 930441
16735466 16775168 930441
16735466 16775168 930441
16735466 16775168 930441
16735466 16775168 930441
16735466 16775168 930441
16735466 16775168 930441
16735466 16775168 930441
16735466 16775168 930441
16735466 16775168 930441
16735466 16775168 930441
16735466 16775168 930441
16735466 16775168 930441
16735466 16775168 930441
16735466 16775168 930441
16735466 16775168 930441
16735466 16775168 930441
16735466 16775168 930441
16735466 16775168 930441
16735466 16775168 930441
16735466 16775168 930441
16735466 16775168 930441
16735466 16775168 930441
16735466 16775168 930441
16735466 16775168 930441
16735466 16775168 930441
16735466 16775168 930441
16735466 16775168 930441
16735466 16775168 930441
16735466 16775168 930441
16735466 16775168 930441
16735466 16775168 930441
16735466 16775168 930441
16735466 16775168 930441
16735466 16775168 930441
16735466 16775168 930441
16735466 16775168 930441
16735466 16775168 930441
16735466 16775168 930441
16735466 16775168 930441
16735466 16775168 930441
16735466 16775168 930441
16735466 16775168 930441
16735466 16775168 930441
16735466 16775168 930441
16735466 16775168 930441
16735466 16775168 930441
16735466 16775168 930441
16735466 16775168 930441
16735466 16775168 930441
16735466 16775168 930441
16735466 16775168 930441
16735466 16775168 930441
16735466 16775168 930441
16735466 16775168 930441
16735466 16775168 930441
16735466 16775168 930441
16735466 16775168 930441
16735466 16775168 930441
16735466 16775168 930441
16735466 16775168 930441
16735466 16775168 930441
16735466 16775168 930441
16735466 16775168 930441
16735466 16775168 930441
16735466 16775168 930441
16735466 16775168 930441
16735466 16775168 930441
16735466 16775168 930441
16735466 16775168 930441
818176 241665 15708162
818176 241665 15708162
818176 241665 15708162
818176 241665 15708162
818176 241665 15708162
818176 241665 15708162
818176 241665 15708162
818176 241665 15708162
818176 241665 15708162
818176 241665 15708162
818176 241665 15708162
818176 241665 15708162
818176 241665 15708162
818176 241665 15708162
818176 241665 15708162
818176 241665 15708162
818176 241665 15708162
818176 241665 15708162
818176 241665 15708162
818176 241665 15708162
818176 241665 15708162
818176 241665 15708162
818176 241665 15708162
818176 241665 15708162
818176 241665 15708162
818176 241665 15708162
818176 241665 15708162
818176 241665 15708162
818176 241665 15708162
16775150 6044 858
16773090 6044 10730
16771090 6044 20314
16767186 6044 38994
16765508 6044 49866
16763704 8004 71290
792710 238697 15657482
716836 210173 15709994
712440 204893 15709170
708646 200341 15707290
704972 196665 15705034
701400 193077 15704050
697976 189317 15703906
694646 185473 15704074
691370 181605 15704482
639486 167597 16003242
637456 161989 16025946
632618 144689 16066466
630170 133289 16085514
616270 120833 16104186
612922 120833 16090706
610354 122385 16075466
607926 123553 16061050
601846 120833 16003106
600640 120833 15989618
598452 120833 15965394
595880 120833 15936138
595282 120833 15928322
594842 120833 15921426
594736 120833 15914306
598132 120833 15966522
599190 120833 15980786
603588 120833 16020354
606836 122861 16042322
612378 123905 16064514
615682 123809 16073794
617138 123741 16076834
633740 123085 16082386
666024 120833 16078010
666030 120833 16079978
663806 120833 16076978
660034 120833 16071954
654650 120833 16067314
587436 122741 16056962
571180 120833 16048306
548314 120833 16083290
544836 120833 16111386
543000 120833 16125346
542304 120833 16131074
540732 120833 16144026
428002 176637 253282
422428 170493 267066
406286 126965 307946
403050 112013 312314
396622 78037 319826
378962 59393 338450
262108 124737 476290
254908 113329 504650
159476 112049 666034
138988 67177 807074
130146 61153 832906
102660 54941 863674
96390 49301 871290
90476 41597 878930
84874 31969 886610
79542 20561 894226
74470 7493 901818
62238 16775169 929833
57088 16775169 940113
29044 16775169 941009
15086 16775169 909905
10660 16775169 888321
9256 16775169 876881
7614 16775169 855233
8008 16775169 821953
8254 16775169 816105
14040 16775169 801729
19428 16775169 820953
18662 16775169 820177
16140 16775169 810913
14118 16775169 798377
9606 16775169 747849
7652 16775169 727641
6752 16775169 719001
16717902 26068 296834
16707128 49704 245826
16706938 57604 245770
16706376 74516 242330
16705804 74984 239506
16705484 70720 225034
16704478 62496 217298
15462 18133 50002
16695498 81684 85242
16695754 71268 80074
16696262 60972 63002
16704828 59392 40882
16707292 59392 39906
16709712 59392 55826
16707902 59392 86634
16705564 59392 91898
16703136 59392 95154
16698606 59392 94690
16697788 59392 88130
16701076 59392 79426
16742522 16775168 375905
16745410 16775168 439985
16745908 16775168 447945
16747212 16775168 464793
16748150 16775168 473169
16749582 16775168 484281
16753200 16775168 502857
16759072 16775168 524953
16763278 16775168 541961
16764900 16775168 548817
16767160 16775168 557905
16768556 16775168 564985
16768994 16775168 568617
16769256 16775168 572529
16769716 16775168 580177
16769946 16775168 583945
8076 16775169 696929
8076 16775169 696929
8076 16775169 696929
8076 16775169 696929
8076 16775169 696929
8076 16775169 696929
8076 16775169 696929
8076 16775169 696929
8076 16775169 696929
8076 16775169 696929
8076 16775169 696929
8076 16775169 696929
8076 16775169 696929
8076 16775169 696929
8076 16775169 696929
8076 16775169 696929
8076 16775169 696929
8076 16775169 696929
8076 16775169 696929
8076 16775169 696929
8076 16775169 696929
8076 16775169 696929
8076 16775169 696929
8076 16775169 696929
8076 16775169 696929
8076 16775169 696929
8076 16775169 696929
8076 16775169 696929
8076 16775169 696929
8076 16775169 696929
8076 16775169 696929
8076 16775169 696929
8076 16775169 696929
8076 16775169 696929
8076 16775169 696929
8076 16775169 696929
8076 16775169 696929
8076 16775169 696929
8076 16775169 696929
8076 16775169 696929
8076 16775169 696929
8076 16775169 696929
8076 16775169 696929
8076 16775169 696929
8076 16775169 696929
8076 16775169 696929
8076 16775169 696929
8076 16775169 696929
8076 16775169 696929
8076 16775169 696929
8076 16775169 696929
8076 16775169 696929
8076 16775169 696929
8076 16775169 696929
8076 16775169 696929
8076 16775169 696929
8076 16775169 696929
8076 16775169 696929
8076 16775169 696929
8076 16775169 696929
8076 16775169 696929
8076 16775169 696929
8076 16775169 696929
8076 16775169 696929
8076 16775169 696929
8076 16775169 696929
8076 16775169 696929
8076 16775169 696929
8076 16775169 696929
8076 16775169 696929
8076 16775169 696929
8076 16775169 696929
8076 16775169 696929
8076 16775169 696929
8076 16775169 696929
8076 16775169 696929
8076 16775169 696929
8076 16775169 696929
818176 241665 15708162
818176 241665 15708162
818176 241665 15708162
818176 241665 15708162
818176 241665 15708162
818176 241665 15708162
818176 241665 15708162
818176 241665 15708162
818176 241665 15708162
818176 241665 15708162
818176 241665 15708162
818176 241665 15708162
818176 241665 15708162
818176 241665 15708162
818176 241665 15708162
818176 241665 15708162
818176 241665 15708162
818176 241665 15708162
818176 241665 15708162
818176 241665 15708162
818176 241665 15708162
818176 241665 15708162
818176 241665 15708162
818176 241665 15708162
818176 241665 15708162
818176 241665 15708162
818176 241665 15708162
818176 241665 15708162
818176 241665 15708162
16776310 6044 2
16776594 6044 13082
16776884 6044 32546
16777016 6044 49386
16777054 6044 64498
16777108 7844 78458
10 7837 91826
791172 243461 15720034
791466 240557 15739946
730220 229013 16044986
723956 223401 16053322
718008 215717 16061210
712334 206105 16068642
706908 194705 16075674
701714 181649 16082338
696728 167061 16088314
687334 133737 16096266
676882 120833 16100170
661742 120833 16101450
514506 120833 16062842
497354 120833 16086874
486606 120833 16100498
483294 120833 16101930
474736 120833 16101314
470300 120833 16101226
466904 120833 16102122
465528 120833 16102778
462924 120833 16104362
427746 38913 16210874
398492 111053 16694530
393766 110465 16700074
389094 107657 16704594
375288 86257 16717482
351562 59393 16741090
324018 59393 128202
329068 59393 145394
332612 59393 176250
338138 59393 217306
343890 59393 252506
344660 59393 258330
346566 59393 271834
347092 59393 275106
367432 59393 324130
368142 59393 324738
368142 59393 324738
368142 59393 324738
368142 59393 324738
368142 59393 324738
368142 59393 324738
368142 59393 324738
368142 59393 324738
368142 59393 324738
368142 59393 324738
368142 59393 324738
368142 59393 324738
368142 59393 324738
368142 59393 324738
368142 59393 324738
368142 59393 324738
368142 59393 324738
368142 59393 324738
368142 59393 324738
368142 59393 324738
368142 59393 324738
368142 59393 324738
368142 59393 324738
368142 59393 324738
368142 59393 324738
368142 59393 324738
368142 59393 324738
368142 59393 324738
368142 59393 324738
368142 59393 324738
368142 59393 324738
368142 59393 324738
368142 59393 324738
368142 59393 324738
368142 59393 324738
368142 59393 324738
368142 59393 324738
368142 59393 324738
368142 59393 324738
368142 59393 324738
368142 59393 324738
368142 59393 324738
368142 59393 324738
368142 59393 324738
368142 59393 324738
368142 59393 324738
368142 59393 324738
368142 59393 324738
368142 59393 324738
368142 59393 324738
368142 59393 324738
368142 59393 324738
368142 59393 324738
368142 59393 324738
368142 59393 324738
368142 59393 324738
368142 59393 324738
368142 59393 324738
368142 59393 324738
368142 59393 324738
368142 59393 324738
368142 59393 324738
368142 59393 324738
368142 59393 324738
368142 59393 324738
368142 59393 324738
368142 59393 324738
368142 59393 324738
368142 59393 324738
368142 59393 324738
368142 59393 324738
368142 59393 324738
368142 59393 324738
368142 59393 324738
368142 59393 324738
368142 59393 324738
368142 59393 324738
368142 59393 324738
368142 59393 324738
368142 59393 324738
368142 59393 324738
368142 59393 324738
818176 241665 15708162
818176 241665 15708162
818176 241665 15708162
818176 241665 15708162
818176 241665 15708162
818176 241665 15708162
818176 241665 15708162
818176 241665 15708162
818176 241665 15708162
818176 241665 15708162
818176 241665 15708162
818176 241665 15708162
818176 241665 15708162
818176 241665 15708162
818176 241665 15708162
818176 241665 15708162
818176 241665 15708162
818176 241665 15708162
818176 241665 15708162
818176 241665 15708162
818176 241665 15708162
818176 241665 15708162
818176 241665 15708162
818176 241665 15708162
818176 241665 15708162
818176 241665 15708162
818176 241665 15708162
818176 241665 15708162
818176 241665 15708162
16776206 6044 16774362
16776266 6044 4546
16776294 6044 18490
16776190 6044 38954
16776486 6044 65562
684 7977 95882
786612 235601 15720690
615460 166369 15946338
609512 160225 15955794
603886 152045 15964642
598806 141973 15974610
594474 130149 15985842
583770 120833 16026914
548566 120833 16115010
543700 120833 16121186
539198 120833 16125594
534962 120833 16129026
530904 120833 16131842
526998 120833 16134458
523270 120833 16136866
519746 120833 16139034
516480 120833 16140930
513574 120833 16142194
511092 120833 16141522
509112 120833 16138954
507566 120833 16135594
506324 120833 16132226
505284 120833 16129122
504420 120833 16126282
503674 120833 16123618
502680 120833 16120026
475184 120833 16077546
474048 120833 16080834
472990 120833 16083642
471958 120833 16085986
469746 120833 16088106
471330 120833 16074458
476688 120833 16021578
475912 120833 16015938
476200 120833 16022586
476638 120833 16035098
475740 120833 16046218
473508 120833 16052898
471240 120833 16058010
469452 120833 16064298
468188 120833 16071346
467052 120833 16077602
466024 120833 16082962
465086 120833 16087474
464012 120833 16093938
466266 120833 16083626
467922 120833 16070474
473088 120833 16014762
474618 120833 16001842
474274 120833 15988634
472842 120833 15977130
472470 120833 15965346
472924 120833 15954450
473852 120833 15945066
475030 120833 15937282
476174 120833 15930602
477598 120833 15922138
481592 120833 15898666
484072 120833 15887626
487676 120833 15874082
562924 120833 16178690
572652 122881 16172626
576340 122881 16158498
579710 122809 16145778
583030 122237 16134338
589320 120833 16115266
592338 120833 16106194
594550 120833 16095250
595486 122125 16082618
594850 122881 16070570
593184 122881 16061050
591264 122757 16053490
589250 121201 16047162
585368 120833 16036690
583760 120833 16032538
582218 120833 16028738
579540 120833 16022746
569040 120833 16007506
504628 120833 15999234
499900 120833 15991522
495582 120833 15984802
491432 120833 15980026
487358 120833 15977698
483544 120833 15980954
481004 120833 15991930
479434 120833 16004714
478178 120833 16017090
476974 120833 16028514
475452 120833 16038138
473686 120833 16045802
472042 120833 16052530
470472 120833 16058082
468336 120833 16061650
500366 120833 16016194
503158 120833 16017898
505740 120833 16018098
508076 120833 16017562
510150 120833 16016642
511938 120833 16015010
513826 120833 16011810
514888 120833 15977426
511948 120833 15964762
497492 120833 15854914
497288 120833 15842866
498356 120833 15834786
500878 120833 15829714
504210 120833 15827754
506666 120833 15826594
508266 120833 15825842
509138 120833 15825434
509434 120833 15825290
509560 120833 15823538
510136 120833 15815730
510542 120833 15801746
509754 120833 15783914
507678 120833 15764378
480620 172033 15142522
475566 172033 15129162
471122 172033 15121842
467532 172033 15120106
464130 172033 15124034
459570 172033 15130050
418808 172033 15150970
414176 172033 15148706
410608 172033 15146970
408016 172033 15145698
406294 172033 15144858
405322 172033 15144386
404950 172033 15144202
405268 172033 15145786
406928 172033 15150834
415690 172033 15172658
420222 172033 15182994
424410 172033 15191578
428290 172033 15199618
432002 172033 15207042
435332 172033 15215690
436268 172033 15225170
434292 172033 15234354
431326 172033 15237978
428424 172033 15240250
425656 172033 15241890
423100 172033 15243418
420798 172033 15244850
418786 172033 15246034
417076 172033 15246938
415634 172033 15247210
414464 172033 15245002
417208 172033 15228874
427992 172033 15190410
431204 172033 15183186
432500 172033 15179322
432500 172033 15179306
430644 172033 15181610
428272 172033 15187498
426110 172033 15193506
424078 172033 15198874
422176 172033 15203442
420392 172033 15206946
418608 172033 15209690
432418 172033 15187402
435220 172033 15178194
436580 172033 15165394
436846 172033 15152194
435040 172033 15143226
432330 172033 15145378
430258 172033 15151770
428456 172033 15157874
426818 172033 15163178
425348 172033 15167666
424064 172033 15171346
422970 172033 15174354
422050 172033 15176954
431066 172033 15146394
430330 172033 15133002
427372 172033 15126530
424214 172033 15126570
421392 172033 15130546
418774 172033 15134954
417156 172033 15143642
416564 172033 15153874
416056 172033 15163594
415366 172033 15172314
414356 172033 15179490
413212 172033 15185074
411982 172033 15188714
409986 172033 15188202
406628 172033 15171370
406556 172033 15170706
406556 172033 15170706
406556 172033 15170706
406556 172033 15170706
406556 172033 15170706
406556 172033 15170706
406844 172033 15171146
408538 172033 15174018
411544 172033 15180738
415602 172033 15192458
433792 172033 15274186
437792 172033 15285090
440734 172033 15290370
443182 172033 15294690
445382 172033 15299202
447396 172033 15304034
449360 172033 15308898
451506 172033 15312994
453918 172033 15315234
456312 172033 15313546
457112 172033 15307970
455620 172033 15306314
453800 172033 15304482
452066 172033 15304642
450520 172033 15306362
449144 172033 15308570
447942 172033 15311122
446938 172033 15313922
446162 172033 15316930
445640 172033 15320066
445472 172033 15323362
445726 172033 15324522
449348 172033 15313162
452048 172033 15305642
460684 172033 15283514
463066 172033 15277706
465164 172033 15272770
467014 172033 15268386
468574 172033 15263914
469842 172033 15259266
470900 172033 15254706
471796 172033 15250266
472568 172033 15246042
473210 172033 15242018
474200 172033 15237666
483752 172033 15223874
487714 172033 15222722
487714 172033 15222722
487714 172033 15222722
487714 172033 15222722
487714 172033 15222722
487714 172033 15222722
487714 172033 15222722
487714 172033 15222722
487714 172033 15222722
487714 172033 15222722
487714 172033 15222722
487714 172033 15222722
487714 172033 15222722
487714 172033 15222722
487714 172033 15222722
487714 172033 15222722
487714 172033 15222722
487714 172033 15222722
487714 172033 15222722
487714 172033 15222722
487714 172033 15222722
487714 172033 15222722
487714 172033 15222722
487714 172033 15222722
487714 172033 15222722
487714 172033 15222722
487714 172033 15222722
487714 172033 15222722
487714 172033 15222722
487714 172033 15222722
487714 172033 15222722
487714 172033 15222722
487714 172033 15222722
487714 172033 15222722
487714 172033 15222722
487714 172033 15222722
487714 172033 15222722
487714 172033 15222722
487714 172033 15222722
487714 172033 15222722
487714 172033 15222722
487714 172033 15222722
487714 172033 15222722
487714 172033 15222722
487714 172033 15222722
487714 172033 15222722
487714 172033 15222722
487714 172033 15222722
487714 172033 15222722
487714 172033 15222722
487714 172033 15222722
487714 172033 15222722
487714 172033 15222722
487714 172033 15222722
487714 172033 15222722
487714 172033 15222722
487714 172033 15222722
487714 172033 15222722
487714 172033 15222722
487714 172033 15222722
487714 172033 15222722
487714 172033 15222722
487714 172033 15222722
487714 172033 15222722
487714 172033 15222722
487714 172033 15222722
487714 172033 15222722
487714 172033 15222722
487714 172033 15222722
487714 172033 15222722
487714 172033 15222722
487714 172033 15222722
487714 172033 15222722
487714 172033 15222722
487714 172033 15222722
487714 172033 15222722
487714 172033 15222722
487714 172033 15222722
487714 172033 15222722
487714 172033 15222722
487714 172033 15222722
487714 172033 15222722
487714 172033 15222722
487714 172033 15222722
487714 172033 15222722
487714 172033 15222722
487714 172033 15222722
487714 172033 15222722
818176 241665 15708162
818176 241665 15708162
818176 241665 15708162
818176 241665 15708162
818176 241665 15708162
818176 241665 15708162
818176 241665 15708162
818176 241665 15708162
818176 241665 15708162
818176 241665 15708162
818176 241665 15708162
818176 241665 15708162
818176 241665 15708162
818176 241665 15708162
818176 241665 15708162
818176 241665 15708162
818176 241665 15708162
818176 241665 15708162
818176 241665 15708162
818176 241665 15708162
818176 241665 15708162
818176 241665 15708162
818176 241665 15708162
818176 241665 15708162
818176 241665 15708162
818176 241665 15708162
818176 241665 15708162
818176 241665 15708162
818176 241665 15708162
16775754 6044 16776850
16774586 6044 9234
16772588 6044 24482
16769570 6044 44850
16765510 7984 69866
16761296 3244 91114
729808 227837 15512370
723980 221697 15500906
718416 213517 15490338
713034 203445 15481754
707826 191617 15474666
702800 178169 15468138
688630 171857 15459946
676916 169361 15446738
671480 164845 15437330
666288 158181 15427426
661298 149513 15417306
656520 138989 15406978
651986 126745 15396394
645504 120833 15375338
643336 120833 15362098
641316 120833 15348378
639358 120833 15334306
637508 120833 15319962
635826 120833 15305946
634332 120833 15292394
632982 120833 15279498
631728 120833 15267418
630572 120833 15256194
629518 120833 15245866
628532 120833 15236506
627426 120833 15228506
626188 120833 15222074
624908 120833 15217154
623710 120833 15213330
622582 120833 15210266
621270 120833 15207898
618382 120833 15205522
529472 152269 15194026
529470 157573 15196946
529470 165169 15198746
529470 172881 15199930
529412 180785 15201194
528682 190017 15203186
527604 196337 15205362
526338 198901 15207818
524668 197945 15210322
522474 193133 15211362
519942 185193 15210418
517098 174645 15209250
511354 172085 15209250
504804 172033 15211482
501228 172033 15212682
497578 172033 15213818
494036 172033 15214650
490654 172033 15215218
487464 172033 15215402
484490 172033 15215634
481748 172033 15215658
479246 172033 15215546
476992 172033 15215426
474988 172033 15215442
472454 172033 15215818
461648 172033 15217922
399622 172033 15270322
394468 172033 15266130
389832 172033 15262322
385512 172033 15259194
381414 172033 15256418
377518 172033 15253730
373844 172033 15251066
370392 172033 15248442
367132 172033 15245874
364076 172033 15243490
361246 172033 15241234
358652 172033 15239138
356300 172033 15237170
354196 172033 15235354
352344 172033 15233682
350740 172033 15232210
348480 172033 15230130
310940 184125 15198802
311480 183857 15199322
312164 180613 15198738
312920 174945 15196754
274984 128021 15760274
274818 123509 15773426
274920 122637 15784050
274736 122237 15793802
273410 120893 15813394
272636 120841 15826546
271984 120833 15843354
170204 118377 16195954
163996 113861 16187482
158778 107197 16177906
154314 98529 16168762
150436 88005 16161410
147106 75761 16155362
144164 61925 16149266
141946 46613 16141978
140212 29937 16133818
133428 16775169 16119113
130966 16775169 16120993
128710 16775169 16125153
126546 16775169 16129609
124596 16775169 16134705
123224 16775169 16141513
125722 16775169 16181049
134674 16775169 16166369
137292 16775169 16158745
141230 16775169 16150097
157304 16775169 16145273
160030 16775169 16152785
154004 16775169 16139561
115626 16776713 16261097
115626 16776713 16261097
115626 16776713 16261097
115626 16776713 16261097
115626 16776713 16261097
115626 16776713 16261097
115626 16776713 16261097
115626 16776713 16261097
115626 16776713 16261097
115626 16776713 16261097
115626 16776713 16261097
115626 16776713 16261097
115626 16776713 16261097
115626 16776713 16261097
115626 16776713 16261097
115626 16776713 16261097
115626 16776713 16261097
115626 16776713 16261097
115626 16776713 16261097
115626 16776713 16261097
115626 16776713 16261097
115626 16776713 16261097
115626 16776713 16261097
115626 16776713 16261097
115626 16776713 16261097
115626 16776713 16261097
115626 16776713 16261097
115626 16776713 16261097
115626 16776713 16261097
115626 16776713 16261097
115626 16776713 16261097
115626 16776713 16261097
115626 16776713 16261097
115626 16776713 16261097
115626 16776713 16261097
115626 16776713 16261097
115626 16776713 16261097
115626 16776713 16261097
115626 16776713 16261097
115626 16776713 16261097
115626 16776713 16261097
115626 16776713 16261097
115626 16776713 16261097
115626 16776713 16261097
115626 16776713 16261097
115626 16776713 16261097
115626 16776713 16261097
115626 16776713 16261097
115626 16776713 16261097
115626 16776713 16261097
115626 16776713 16261097
115626 16776713 16261097
115626 16776713 16261097
115626 16776713 16261097
115626 16776713 16261097
115626 16776713 16261097
115626 16776713 16261097
115626 16776713 16261097
115626 16776713 16261097
115626 16776713 16261097
115626 16776713 16261097
115626 16776713 16261097
115626 16776713 16261097
115626 16776713 16261097
115626 16776713 16261097
115626 16776713 16261097
115626 16776713 16261097
115626 16776713 16261097
115626 16776713 16261097
115626 16776713 16261097
115626 16776713 16261097
115626 16776713 16261097
115626 16776713 16261097
115626 16776713 16261097
115626 16776713 16261097
115626 16776713 16261097
115626 16776713 16261097
115626 16776713 16261097
115626 16776713 16261097
818176 241665 15708162
818176 241665 15708162
818176 241665 15708162
818176 241665 15708162
818176 241665 15708162
818176 241665 15708162
818176 241665 15708162
818176 241665 15708162
818176 241665 15708162
818176 241665 15708162
818176 241665 15708162
818176 241665 15708162
818176 241665 15708162
818176 241665 15708162
818176 241665 15708162
818176 241665 15708162
818176 241665 15708162
818176 241665 15708162
818176 241665 15708162
818176 241665 15708162
818176 241665 15708162
818176 241665 15708162
818176 241665 15708162
818176 241665 15708162
818176 241665 15708162
818176 241665 15708162
818176 241665 15708162
818176 241665 15708162
818176 241665 15708162
16776366 6044 16774146
190 6045 3058
2140 6045 14634
5000 6045 31658
8894 6045 53666
14106 7865 77122
733446 230101 15889010
727248 225033 15892434
721428 217853 15893378
715826 208709 15893514
710406 197745 15894194
705192 185089 15894458
696364 172033 15889570
685888 172033 15882098
611346 192313 15900802
605134 197881 15907410
599122 201485 15915202
593840 202285 15923506
589364 200485 15933074
585512 196285 15941986
582266 189861 15949554
579294 181385 15956850
576472 171013 15964770
573872 158889 15973418
571464 145153 15982626
569126 129925 15991946
561972 120833 16017082
558294 120833 16026266
553628 120833 16033994
547940 120833 16038130
458714 118385 16188018
456056 113877 16210090
453698 107217 16228954
451480 98553 16244706
449390 88033 16257274
440358 38913 16309554
437518 38913 16336170
413044 123345 16673810
410248 119681 16687738
407094 112905 16698570
361792 75201 16764450
343472 59393 24458
344548 59393 262642
350724 59393 294474
363858 59393 350266
366084 59393 360090
372210 59393 385034
368886 59393 411090
365996 59393 412234
352730 59393 412730
269986 123741 409314
265280 125197 410874
246010 125493 419978
244256 128505 420130
244226 128641 420138
244236 128665 420138
244240 128673 420138
244060 128969 419970
237514 139401 408434
233164 144233 384810
229378 144229 363826
227774 144229 353682
218400 144229 346242
218400 144229 346242
218366 144229 346210
210776 144229 334314
192656 141773 293546
186832 137257 279554
176192 121925 253082
166836 99157 227690
149912 59393 211426
147086 59393 207074
144322 59393 200682
141744 59393 192370
137544 59393 171610
131822 59393 143658
126482 59393 115610
125486 59393 110698
124460 59393 105890
14418 42949 1346
13808 73809 16771882
25334 126309 16762642
23488 117577 16760106
22886 92997 16755546
24010 63201 16752986
9174 60093 16752986
9208 60093 16752986
9282 60093 16752986
9282 60093 16752986
9282 60093 16752986
16738 59357 17130
15278 59949 15426
9116 60093 7346
9388 60093 7346
9450 60093 7346
9484 60093 7346
9474 60093 7322
8960 59973 16769186
9146 60093 16764346
8662 60093 16753186
17540 59353 32002
18520 59389 31706
16600 59389 38130
6040 59845 62482
3158 59389 70858
16776888 60092 50634
16664388 119852 133538
16664696 101644 182778
16664834 91592 199130
16665222 59392 259714
16665130 59468 286506
16664778 55528 305586
16664702 53504 313906
16664652 48848 331530
16664680 45988 342082
16664772 42688 354218
16664918 39028 364730
16665584 30092 394162
16666866 24312 418234
16725762 16775168 662761
16729588 16775168 656177
16731848 16775168 650609
16733432 16775168 646665
16734792 16775168 643593
16735994 16775168 641025
16737092 16775344 638793
16738116 16775720 636729
16739082 16775864 634705
16740006 16775976 632689
16740918 16776052 630777
16741434 16776072 629905
16741440 16776072 629905
16742058 16776072 633177
16746000 16775168 654081
16747442 16775168 661729
16748544 16776072 668009
16749056 16776120 673393
16749328 16776120 677857
16749352 16776120 681425
16749108 16776120 684121
16748596 16776120 686129
16747956 16776120 687729
16747254 16776120 688937
16746500 16776120 689929
16745706 16776120 690617
16744876 16776120 691129
16743718 16776116 691249
16741038 16775840 690113
16678330 16775168 562209
16666880 15924 450346
16669722 17856 444410
16670166 17680 445570
16667832 16472 450202
16664946 17472 446634
16664708 20180 436738
16666806 22940 426642
16669388 25080 418794
16672020 26284 414378
16673936 24932 419330
16675090 22900 426786
16676490 21348 432474
16678450 21232 432906
16680144 21844 430658
16681424 22804 427138
16682290 23900 423122
16682780 25040 418954
16682930 26348 414146
16680318 27612 409506
16666606 20560 435370
16665806 23688 423906
16666220 26732 412746
16667028 29516 402530
16667812 32088 393106
16668516 34448 384450
16669136 36592 376586
16669680 38512 369546
16670170 40200 363362
16670604 41656 358018
16670998 42936 353322
16671530 44568 347338
16671050 34528 381074
16687728 16775176 599609
16701540 16775168 624161
16705516 16775168 610409
16707430 16775168 592761
16708318 16775168 576249
16708882 16775168 560601
16709554 16775168 545409
16710676 16775168 531017
16712420 16775168 518289
16714418 16775168 507057
16716384 16775168 496753
16718244 16775168 487265
16719982 16775168 478609
16721616 16775168 470881
16723128 16775168 464049
16724514 16775168 458129
16726028 16775168 451697
16678834 16775168 641921
16662172 16775168 536217
16660094 16775964 515353
16658714 3444 498138
16658418 6836 485698
16658378 7360 483778
16658378 7360 483778
16658378 7360 483778
16658792 7776 482242
16661214 9512 475874
16663848 11184 469754
16666298 12812 463778
16668566 14352 458138
16670650 15768 452946
16672544 17048 448250
16674226 18200 444026
16675692 19208 440338
16676946 20068 437178
16671802 16775184 590153
16770584 16775168 677865
16770644 16775168 668073
16768086 16775168 660825
16765930 16775168 665577
16765188 16775168 679617
16764840 16775656 694441
16763574 16776120 707409
16761098 16776120 709601
16758452 16776120 703593
16757154 16776120 683513
16763198 16775212 679521
16776702 16775168 669009
16776702 16775168 669009
16776702 16775168 669009
16776702 16775168 669009
16776702 16775168 669009
16776702 16775168 669009
16776702 16775168 669009
16776702 16775168 669009
16776702 16775168 669009
16776702 16775168 669009
16776702 16775168 669009
16776702 16775168 669009
16776702 16775168 669009
16776702 16775168 669009
16776702 16775168 669009
16776702 16775168 669009
16776702 16775168 669009
16776702 16775168 669009
16776702 16775168 669009
16776702 16775168 669009
16776702 16775168 669009
16776702 16775168 669009
16776702 16775168 669009
16776702 16775168 669009
16776702 16775168 669009
16776702 16775168 669009
16776702 16775168 669009
16776702 16775168 669009
16776702 16775168 669009
16776702 16775168 669009
16776702 16775168 669009
16776702 16775168 669009
16776702 16775168 669009
16776702 16775168 669009
16776702 16775168 669009
16776702 16775168 669009
16776702 16775168 669009
16776702 16775168 669009
16776702 16775168 669009
16776702 16775168 669009
16776702 16775168 669009
16776702 16775168 669009
16776702 16775168 669009
16776702 16775168 669009
16776702 16775168 669009
16776702 16775168 669009
16776702 16775168 669009
16776702 16775168 669009
16776702 16775168 669009
16776702 16775168 669009
16776702 16775168 669009
16776702 16775168 669009
16776702 16775168 669009
16776702 16775168 669009
16776702 16775168 669009
16776702 16775168 669009
16776702 16775168 669009
16776702 16775168 669009
16776702 16775168 669009
16776702 16775168 669009
16776702 16775168 669009
16776702 16775168 669009
16776702 16775168 669009
16776702 16775168 669009
16776702 16775168 669009
16776702 16775168 669009
16776702 16775168 669009
16776702 16775168 669009
16776702 16775168 669009
16776702 16775168 669009
16776702 16775168 669009
16776702 16775168 669009
16776702 16775168 669009
16776702 16775168 669009
16776702 16775168 669009
16776702 16775168 669009
16776702 16775168 669009
16776702 16775168 669009
16776702 16775168 669009
16776702 16775168 669009
16776702 16775168 669009
16776702 16775168 669009
16776702 16775168 669009
818176 241665 15708162
818176 241665 15708162
818176 241665 15708162
818176 241665 15708162
818176 241665 15708162
818176 241665 15708162
818176 241665 15708162
818176 241665 15708162
818176 241665 15708162
818176 241665 15708162
818176 241665 15708162
818176 241665 15708162
818176 241665 15708162
818176 241665 15708162
818176 241665 15708162
818176 241665 15708162
818176 241665 15708162
818176 241665 15708162
818176 241665 15708162
818176 241665 15708162
818176 241665 15708162
818176 241665 15708162
818176 241665 15708162
818176 241665 15708162
818176 241665 15708162
818176 241665 15708162
818176 241665 15708162
818176 241665 15708162
818074 241625 15708178
16776260 6044 2074
16776394 6044 14386
16776604 6044 33242
16776892 6044 58642
24 8009 89482
788656 235785 15714258
718218 222357 15648426
713100 215349 15647554
707932 206549 15649594
702634 196033 15652874
694692 185637 15658970
691032 181245 15661922
687412 176901 15665082
683932 172725 15668282
680212 172033 15669186
676588 172033 15667178
673222 172033 15664058
670118 172033 15660498
667262 172033 15656938
664642 172033 15653650
662372 172033 15649554
660624 172033 15643954
659284 172033 15638074
658276 172033 15632450
657546 172033 15627210
657006 172033 15622298
656566 172033 15617682
656182 172033 15613266
655820 172033 15609018
655476 172033 15604874
655158 172033 15600770
654858 172033 15595874
656100 172033 15602698
665658 172033 15605058
666496 172033 15590826
665576 172033 15577042
663348 172033 15566546
660408 172033 15561026
657430 172033 15558362
654658 172033 15556194
652134 172033 15553970
649872 172033 15551586
647894 172033 15548906
646174 172033 15546362
644696 172033 15544066
643404 172033 15541930
642244 172033 15539842
640990 172033 15537474
638178 172033 15534106
585390 123645 15521370
573986 120833 15555634
541670 120833 15826986
540496 120833 15848570
539758 120833 15867978
539346 120833 15902858
539318 120833 15979402
517384 144257 16493210
518566 147533 16510834
519692 150501 16527042
519994 151525 16532402
519982 151497 16532418
519982 151501 16532418
519982 151501 16532418
519990 152141 16535962
519980 153989 16546146
519836 155861 16556506
519574 157613 16566178
519326 159229 16575098
519092 160693 16583186
518900 162001 16590402
518726 163141 16596706
517662 169517 16631906
517112 171709 16644090
510756 183153 101586
514518 182273 296106
514386 182273 317818
514088 182273 337162
513304 182273 354698
512158 182273 370850
511008 182273 386250
509876 182273 400994
508780 182273 414978
507734 182273 428058
506746 182273 440146
505768 182273 451114
504422 182273 460250
502548 182273 466338
500492 182273 469250
498578 182273 470626
496902 182273 471682
495436 182273 472330
494118 182273 472778
491474 182273 472914
484338 182273 473194
480624 182273 473458
430042 178897 441810
423614 173833 434370
417522 166653 428082
412012 157509 425234
407228 146541 425794
403200 133889 429250
399564 119673 432914
396214 104009 433490
392852 87009 433962
389754 68773 436674
384748 59393 443658
383038 59393 440642
382808 59393 435202
384114 59393 431154
389010 59393 437322
391302 59393 444346
393268 59393 452098
395022 59393 459898
396592 59393 467866
397942 59393 476098
399024 59393 485482
399282 59393 497306
399118 59393 510426
399264 59393 519450
401624 59393 520162
402700 59393 518634
402700 59393 518634
402700 59393 518634
402190 59393 517706
400164 59393 512874
398316 59393 507754
396858 59393 502002
395858 59393 495986
395142 59393 490506
394622 59393 485786
394290 59393 481202
400852 59393 503994
404050 59393 510810
407644 59393 513354
411110 59393 510370
412588 59393 498370
411430 59393 485898
408932 59393 477906
406410 59393 471474
404080 59393 465546
402000 59393 459842
400174 59393 454434
398602 59393 449538
397292 59393 445250
396246 59393 441498
395148 59393 437218
411232 60417 400410
410522 60417 386786
409904 60413 374090
409198 59413 362690
408362 59393 352146
407420 59393 342146
406456 59393 333194
405526 59393 325226
404574 59393 318418
403618 59393 312802
402406 59393 308290
401594 59393 326506
407990 59393 353986
407102 59393 342346
405568 59393 331778
403434 59393 324018
400944 59393 319874
398516 59393 318106
396304 59393 318058
394356 59393 318866
392684 59393 320162
391282 59393 321930
390094 59393 324146
388224 59393 328410
371244 59393 379210
371252 59393 379322
371252 59393 379322
371252 59393 379322
371252 59393 379322
371252 59393 379322
371252 59393 379322
371252 59393 379322
371252 59393 379322
371252 59393 379322
371252 59393 379322
371252 59393 379322
371252 59393 379322
371252 59393 379322
371252 59393 379322
370800 59393 379618
363410 59393 382906
360290 59393 381282
360232 59393 380138
362928 59393 379250
367140 59393 377514
413918 60417 413314
419930 59613 452490
421740 59421 475266
407592 139121 815098
406834 141049 832538
406688 139329 848962
402468 141317 1014610
399134 141313 1032162
395884 141313 1046818
392100 141313 1056370
388014 141313 1060466
383990 141313 1059098
380580 141313 1051706
378412 141313 1039730
376844 141313 1027194
375504 141313 1015234
374558 141313 1003714
374874 141313 992770
376036 141321 988066
377274 141313 982794
378558 141313 977730
380452 141313 978426
387588 141313 987322
388594 141313 977282
389544 141313 968202
390386 141313 960018
399038 59493 564866
401114 59409 539890
404146 59397 523922
406794 59393 511298
409348 59393 500994
411984 59393 492906
413318 59393 494298
414870 59393 497162
416164 59393 485938
415518 59393 475826
412566 60425 380402
401932 59393 288898
397368 59393 282010
395394 59393 282106
400090 59393 288114
403838 59393 287858
418288 59393 274018
421664 59393 268482
425200 59393 264410
432364 59393 268506
435826 59393 281682
433976 59393 497394
434910 59393 519762
434970 59393 541386
433876 59393 560866
432432 59393 577762
430802 59393 593210
429052 59393 607618
425368 61097 633434
423566 62777 645706
422874 64797 661666
434992 102817 749466
433880 111569 760074
431318 118537 770090
427478 124765 780306
424076 128357 791002
411048 140573 898034
409462 141321 930130
408994 141313 946858
408380 141313 979386
407888 141313 994002
406714 141313 1006346
404774 141313 1015826
402656 141313 1024138
400550 141313 1031962
398502 141313 1039570
396650 141313 1047658
395058 141313 1055810
393820 141313 1063498
392924 141313 1070826
392266 141313 1077666
391778 141313 1083954
391390 141313 1089634
391064 141313 1094706
390704 141313 1099090
390308 141313 1102770
387156 141313 1118714
375496 141313 1137474
374258 141313 1130714
372936 141313 1124282
371368 141313 1118858
369510 141313 1114802
367244 141313 1112338
364612 141313 1111130
354452 141313 1112250
350742 141313 1111466
345798 141313 1110226
281028 141313 1153122
275882 141313 1149202
271310 141313 1144498
267064 141313 1140218
262968 141313 1137426
258998 141313 1135538
255178 141313 1135242
251586 141313 1136762
248418 141313 1141594
245778 141313 1148482
243430 141313 1157746
240350 141313 1167426
237846 141313 1175546
235748 141313 1182786
234090 141313 1189410
232846 141313 1195386
228338 141313 1229562
228338 141313 1229562
228338 141313 1229562
228338 141313 1229562
228338 141313 1229562
228338 141313 1229562
228338 141313 1229562
228338 141313 1229562
228338 141313 1229562
228338 141313 1229562
228338 141313 1229562
228338 141313 1229562
228338 141313 1229562
228338 141313 1229562
228338 141313 1229562
228338 141313 1229562
228338 141313 1229562
228338 141313 1229562
228338 141313 1229562
228338 141313 1229562
228338 141313 1229562
228338 141313 1229562
228338 141313 1229562
228338 141313 1229562
228338 141313 1229562
228338 141313 1229562
228338 141313 1229562
228338 141313 1229562
228338 141313 1229562
228338 141313 1229562
228338 141313 1229562
228338 141313 1229562
228338 141313 1229562
228338 141313 1229562
228338 141313 1229562
228338 141313 1229562
228338 141313 1229562
228338 141313 1229562
228338 141313 1229562
228338 141313 1229562
228338 141313 1229562
228338 141313 1229562
228338 141313 1229562
228338 141313 1229562
228338 141313 1229562
228338 141313 1229562
228338 141313 1229562
228338 141313 1229562
228338 141313 1229562
228338 141313 1229562
228338 141313 1229562
228338 141313 1229562
228338 141313 1229562
228338 141313 1229562
228338 141313 1229562
228338 141313 1229562
228338 141313 1229562
228338 141313 1229562
228338 141313 1229562
228338 141313 1229562
228338 141313 1229562
228338 141313 1229562
228338 141313 1229562
228338 141313 1229562
228338 141313 1229562
228338 141313 1229562
228338 141313 1229562
228338 141313 1229562
228338 141313 1229562
228338 141313 1229562
228338 141313 1229562
228338 141313 1229562
228338 141313 1229562
228338 141313 1229562
228338 141313 1229562
228338 141313 1229562
228338 141313 1229562
228338 141313 1229562
818176 241665 15708162
818176 241665 15708162
818176 241665 15708162
818176 241665 15708162
818176 241665 15708162
818176 241665 15708162
818176 241665 15708162
818176 241665 15708162
818176 241665 15708162
818176 241665 15708162
818176 241665 15708162
818176 241665 15708162
818176 241665 15708162
818176 241665 15708162
818176 241665 15708162
818176 241665 15708162
818176 241665 15708162
818176 241665 15708162
818176 241665 15708162
818176 241665 15708162
818176 241665 15708162
818176 241665 15708162
818176 241665 15708162
818176 241665 15708162
818176 241665 15708162
818176 241665 15708162
818176 241665 15708162
818176 241665 15708162
818176 241665 15708162
16776192 6044 16773122
16776192 6044 16773122
16776192 6044 16773122
16776192 6044 16773122
16776192 6044 16773122
16776192 6044 16773122
16776192 6044 16773122
16776192 6044 16773122
16776192 6044 16773122
16776192 6044 16773122
16776192 6044 16773122
16776192 6044 16773122
16776192 6044 16773122
16776192 6044 16773122
16776192 6044 16773122
16776192 6044 16773122
16776192 6044 16773122
16776192 6044 16773122
16776192 6044 16773122
16776192 6044 16773122
16776192 6044 16773122
16776192 6044 16773122
16776192 6044 16773122
16776192 6044 16773122
16776192 6044 16773122
16776192 6044 16773122
16776192 6044 16773122
16776192 6044 16773122
16776192 6044 16773122
16776192 6044 16773122
16776192 6044 16773122
813236 253105 15712538
793232 298893 15730242
772826 343745 15748306
752006 387573 15766738
730768 430277 15785538
709102 471753 15804714
687000 511889 15824282
664452 550569 15844242
641450 587677 15864602
617984 623081 15885370
594046 656645 15906562
569624 688233 15928178
544712 717697 15950234
519296 744877 15972730
493368 769613 15995682
466918 791733 16019098
439936 811061 16042978
412410 827405 16067346
384328 840565 16092202
355682 850341 16117562
326458 856513 16143434
296644 858853 16169826
266230 857121 16196746
235204 851069 16224210
204568 840661 16251994
173404 825693 16280314
141700 805933 16309186
109450 781141 16338626
76640 751057 16368626
43260 715413 16399218
9302 673941 16430402
16751970 626344 16462194
16716820 572328 16494610
16681058 511576 16527650
16644672 443772 16561330
16607654 368572 16595674
16569988 285624 16630682
16531664 194564 16666378
16497778 122260 16692826
16480644 97900 16700434
16482280 93240 16697386
16482280 93240 16697386
16482280 93240 16697386
16482280 93240 16697386
16482280 93240 16697386
16482280 93240 16697386
16482280 93240 16697386
16482280 93240 16697386
16482280 93240 16697386
16482280 93240 16697386
16482280 93240 16697386
16482280 93240 16697386
16482280 93240 16697386
16482280 93240 16697386
16482280 93240 16697386
16482280 93240 16697386
16482280 93240 16697386
16482280 93240 16697386
16482280 93240 16697386
16482280 93240 16697386
16482280 93240 16697386
16482280 93240 16697386
16482280 93240 16697386
16482280 93240 16697386
16482280 93240 16697386
16482280 93240 16697386
16482280 93240 16697386
16482280 93240 16697386
16482280 93240 16697386
