60671,10229504,143615
60671,10229504,143615
60671,10229504,143615
60671,10229504,143615
60671,10229504,143615
60671,10229504,143615
60671,10229504,143615
60671,10229504,143615
13429503,10229504,4342527
5562879,10229504,10661887
8576767,10229504,3860735
16179455,10229504,4333312
15787007,10229504,6443776
15918591,10229504,1213696
11593727,10229504,7516928
4778495,10229504,3857920
13691647,10229504,3802369
16444671,1842688,9578241
14086143,4202240,673025
8319743,4726528,10116609
8058111,8920576,8550657
14483455,7667199,15326977
16180747,102403,4910319
10802187,102403,4850928
5828874,4809219,14864112
10672650,7685635,13815280
3851530,12657411,1753328
6579466,106498,5402096
14046986,106498,6974192
10758410,106498,10124784
15736842,106498,2788592
5773578,106498,3316720
2755850,106498,12760816
5507082,106498,9093872
9453577,14764034,1231859
4858633,15855361,10635764
3472136,15588609,9044213
2123271,378882,1228289
6446343,116738,9044482
11293703,116738,12730114
8407815,116738,15889922
7881223,116738,3844866
8403207,116738,3857666
4335623,116738,10107139
2891783,116738,5399299
9967623,116738,1739267
9179399,116738,12758275
396039,116738,3329539
525575,116738,4385539
11337478,116738,5899524
7771142,370434,14826758
11699462,16353794,10652678
8812294,4286210,7001862
16017670,7158786,13770247
3955974,16583170,13787911
1200646,7721729,11183879
3688454,4560385,2812423
2375430,14504705,12724744
11154950,10816513,2255112
10102278,124928,3865864
9314310,387072,14302985
15210758,5368320,1740041
3150854,12972800,3333129
14683910,65793,10104842
10808837,15541250,5906957
8973829,4005634,15865869
1110021,8461570,9048845
9627141,75778,11725839
11852293,75778,665360
10800389,75778,10638352
4243461,75778,2783760
11449093,75778,10657040
16295685,75778,2801424
5020933,75778,10673936
13013765,75778,8060688
559877,75778,13769745
11960837,75778,12727569
14973445,75778,9587217
11170565,75778,9591569
4746501,75778,5925393
12084997,75778,14317073
15750661,75778,1741073
6729731,14240514,12202770
6723843,5334530,15349522
1868547,357634,8534802
6712579,13465602,13778450
7100419,7434754,1721362
5915651,11624962,4345362
15478787,4016642,4872722
269827,12396802,4351506
11928323,75778,15889682
13562882,75778,4881938
3465474,75778,1214738
16152064,624642,9052180
5529344,13211906,14294292
6697728,13214466,5899540
9833984,2196994,6476307
7667711,4483586,2275091
5300223,10242,3306259
2283263,10242,5922067
14728703,10242,2816786
6074879,10242,10136594
13806335,10242,2787346
8561919,10242,13264402
12099327,10242,2246674
3970559,10242,6427154
3182591,10242,14345489
13535487,10242,15379473
2261759,10242,12230161
14449919,10242,11678738
10790911,10242,8560402
965887,10242,5421585
4898559,10242,10650897
4505855,16525314,3298321
16687871,10242,3316497
16554239,10242,7521553
15365887,10242,12715026
11433215,10242,4906769
10123519,10242,4370961
7109887,10242,5932817
2654463,8136706,7495441
12092415,1059330,13253137
34815,8137474,8001809
690943,12856322,12253968
13536511,14691586,11198736
3575807,14167554,1755920
5149183,11808514,2275088
8950783,15741186,14320144
7127807,10242,15377425
579583,5778178,2235665
1234943,3682306,5942032
6608639,1585410,13800976
2675711,5256194,1198864
8704511,11548162,8000272
8704511,2373890,711183
6869759,9451778,15900687
7656447,14692866,5401103
16045055,16523778,14300431
3971583,63743,15839246
3971583,63743,15839246
3971583,63743,15839246
3971583,63743,15839246
3971583,63743,15839246
3971583,63743,15839246
3971583,63743,15839246
3971583,63743,15839246
3971583,63743,15839246
3971583,63743,15839246
3971583,63743,15839246
16668159,63743,5883149
14176255,63743,10571789
13388799,63743,12655117
16664575,63743,12183308
6832639,63743,5868300
2506751,63743,14770444
4603647,63743,5372427
15220479,63743,12181259
3822335,63743,16365324
7362303,63743,12709644
14703359,63743,1124109
5005823,63743,12146957
685823,63743,2192653
31999,63743,7424781
11566335,63743,12656141
5274367,63743,7983116
15366399,63743,5353228
9074687,63743,3248652
30463,63743,3766540
11825407,63743,10046988
1736447,63743,8982797
5017599,63743,9547277
14324479,63743,592398
1476863,63743,4265486
6848255,63743,6882318
5405183,63743,15852045
1210879,63743,10592269
13138687,63743,13206797
6192383,63743,12152333
11830271,63743,81421
9216255,63743,14227982
830975,63743,5845774
1361919,63743,6408205
6341119,63743,13200909
14595839,63743,1649677
4240127,63743,69645
3582719,63743,15852044
13149951,63743,3264780
16685823,63743,4791309
16685823,63743,4791309
16685823,63743,4791309
16685823,63743,4791309
16685823,63743,4791309
16685823,63743,4791309
16685823,63743,4791309
16685823,63743,4791309
16685823,63743,4791309
1612799,63743,7937037
8691711,63743,2170125
5286655,63743,13180685
7126015,63743,9512461
3695104,129279,15277580
15494912,129279,5890571
12614400,129279,15313163
11571200,129279,4276747
10131968,129279,70155
3843072,129279,6415370
175104,129279,7451914
11447808,129279,12668938
14200064,129279,4793098
2403584,129279,12187913
10136576,129279,644105
3582976,129279,4829705
175104,129279,9016329
44032,129279,13203977
146432,129279,11127562
8665856,129279,14809098
7879424,129279,7418379
12729344,129279,10057739
7619840,129279,6415371
8670720,129279,4265228
7888128,129279,1657868
16444928,129279,5874700
16444928,129279,5874700
16444928,129279,5874700
16444928,129279,5874700
16444928,129279,5874700
16444928,129279,5874700
16444928,129279,5874700
16444928,129279,5874700
16444928,129279,5874700
16444928,129279,5874700
16444928,129279,5874700
16444928,129279,5874700
16444928,129279,5874700
16444928,129279,5874700
16444928,129279,5874700
16444928,129279,5874700
16444928,129279,5874700
16444928,129279,5874700
16444928,129279,5874700
16444928,129279,5874700
16444928,129279,5874700
16444928,129279,5874700
16444928,129279,5874700
16444928,129279,5874700
16444928,129279,5874700
16444928,129279,5874700
16444928,129279,5874700
16444928,129279,5874700
16444928,129279,5874700
16444928,129279,5874700
16444928,129279,5874700
16444928,129279,5874700
16444928,129279,5874700
16444928,129279,5874700
16444928,129279,5874700
16444928,129279,5874700
16444928,129279,5874700
16444928,129279,5874700
16444928,129279,5874700
16444928,129279,5874700
16444928,129279,5874700
16444928,129279,5874700
16444928,129279,5874700
16444928,129279,5874700
16444928,129279,5874700
16444928,129279,5874700
16444928,129279,5874700
16444928,129279,5874700
16444928,129279,5874700
16444928,129279,5874700
16444928,129279,5874700
16444928,129279,5874700
16444928,129279,5874700
16444928,129279,5874700
16444928,129279,5874700
16444928,129279,5874700
16444928,129279,5874700
16444928,129279,5874700
16444928,129279,5874700
16444928,129279,5874700
16444928,129279,5874700
16444928,129279,5874700
16444928,129279,5874700
16444928,129279,5874700
16444928,129279,5874700
16444928,129279,5874700
16444928,129279,5874700
16444928,129279,5874700
16444928,129279,5874700
16444928,129279,5874700
16444928,129279,5874700
16444928,129279,5874700
16444928,129279,5874700
16444928,129279,5874700
31756,110595,176367
31756,110595,176367
31756,110595,176367
31756,110595,176367
31756,110595,176367
31756,110595,176367
31756,110595,176367
31756,110595,176367
31756,110595,176367
31756,110595,176367
31756,110595,176367
31756,110595,176367
31756,110595,176367
31756,110595,176367
31756,110595,176367
31756,110595,176367
31756,110595,176367
31756,110595,176367
31756,110595,176367
31756,110595,176367
31756,110595,176367
31756,110595,176367
31756,110595,176367
31756,110595,176367
6487295,10229504,9632255
13303295,10229504,6953984
4194304,10295040,9066496
11929600,6364160,8526849
16518656,16063744,15369217
6034176,7931136,16435713
3728651,102403,14298864
6477835,102403,8014832
2281483,102403,5410288
6596618,1404418,15358708
10772746,120833,11196404
1724426,120833,6483444
13253386,120833,11666933
6181894,13187331,8039426
16661766,5063939,12233474
4258053,116738,10616834
7797765,116738,7480834
718853,116738,11685634
13036293,116738,9080834
5563397,116738,13804546
1636100,6411009,5411588
2626052,5892865,11182597
16273411,616962,14336518
2765059,2182402,4852999
2625795,12399362,9065223
8306690,7410178,2773512
3714562,6682113,15371784
15747586,4822785,2784010
3950082,1937665,4894474
10371330,1149697,12246794
10894338,9274369,6948875
4601090,7696641,14307851
4907008,1177855,5333001
13938432,129279,8492041
7243008,129279,9547529
817152,129279,5878025
3560958,3710464,9072133
3560958,3710464,9072133
3560958,3710464,9072133
458753,263215,3147520
3692030,10525952,15364869
12080894,5271808,14297606
458753,263290,3147520
15212032,129279,92170
2110976,129279,14244874
16139008,129279,3231498
3541249,129279,6898954
12370179,11646209,12229384
2282499,11646209,4363272
12771331,11646209,1216776
4647427,11646209,12750600
14217475,11646209,15371784
2160643,11646209,4361736
9633027,11646209,13274376
7864836,11646209,4885768
16647684,11646209,12749832
4721412,11646209,12749576
6688516,11646209,1214984
6558468,11646209,14321416
4986628,11646209,1737992
2497284,11646209,1212936
16391684,11646209,3833608
16136708,6406657,13263624
8275460,5093889,5920776
10376196,4306945,5912840
9853700,13219073,1709064
13001476,11646209,11715079
10248964,13743361,3322631
2515460,12956929,3843591
4218884,12170497,4889095
8018692,10335489,16417287
2503428,7719169,3860486
7086340,2479873,11187206
15732740,11916801,15371270
3538948,2739201,10120198
2809091,4307201,11681542
5150723,7416834,9100805
12749315,9778946,9095941
4743683,6632194,1741829
15619075,6632194,1212677
3688451,6632194,4877829
1981443,6632194,13262085
4468739,6632194,10639365
4072707,6632194,7494405
4594435,6632194,680453
7344643,6632194,5925637
15003907,12170497,13823749
7602692,11908353,2754822
2494724,11646209,8005638
15343108,11646209,9586694
142340,11646209,4876294
6567940,11646209,14321158
16534020,10334977,12243718
4345348,15577089,3277063
5394180,14003969,11676679
13127428,5877505,4871175
4738564,12956673,12219655
11290628,11646209,9612295
10634244,11646209,2801159
12333572,11646209,188167
7909124,6357761,4859651
2406404,1176832,12196099
13548548,651776,7478019
10402820,15331328,3812355
1350148,2961665,12772867
14847492,16336129,1182212
5405444,12936961,5391364
2651140,13464321,4876548
16272644,14001153,15898373
10758404,9293057,8532231
15605252,11126529,10127111
6423044,15579137,4386823
586499,12170497,10151431
6818052,11646209,12758023
13507844,11646209,6445063
2237444,11646209,13772551
9184004,11646209,14350598
15604228,11646209,1184519
10622468,11646209,12726023
11014660,11646209,14830087
528132,11646209,10642439
12323588,11646209,13270023
13109252,11646209,168711
4457988,11646209,698119
787460,11646209,5421319
918020,11646209,7522823
3589891,11646209,6967560
11411711,63743,10051854
1977599,63743,5895438
6179327,63743,6412047
6574335,63743,3213328
12474367,63743,10564368
10908159,63743,11605008
13245951,63743,6372621
6865919,6093823,6362636
14968319,63743,11607823
7499263,63743,4810511
1865471,63743,7986958
156927,63743,4825102
8806399,63743,3242766
16407807,63743,7427598
15359231,63743,8991246
15359231,63743,8991246
15359231,63743,8991246
15359231,63743,8991246
15359231,63743,8991246
15359231,63743,8991246
15359231,63743,8991246
15359231,63743,8991246
15359231,63743,8991246
15359231,63743,8991246
15359231,63743,8991246
15359231,63743,8991246
15359231,63743,8991246
15359231,63743,8991246
15359231,63743,8991246
15359231,63743,8991246
15359231,63743,8991246
15359231,63743,8991246
15359231,63743,8991246
15359231,63743,8991246
15359231,63743,8991246
15359231,63743,8991246
15359231,63743,8991246
15359231,63743,8991246
15359231,63743,8991246
15359231,63743,8991246
15359231,63743,8991246
15359231,63743,8991246
15359231,63743,8991246
15359231,63743,8991246
15359231,63743,8991246
15359231,63743,8991246
15359231,63743,8991246
15359231,63743,8991246
15359231,63743,8991246
15359231,63743,8991246
15359231,63743,8991246
15359231,63743,8991246
15359231,63743,8991246
15359231,63743,8991246
15359231,63743,8991246
15359231,63743,8991246
15359231,63743,8991246
15359231,63743,8991246
15359231,63743,8991246
15359231,63743,8991246
15359231,63743,8991246
15359231,63743,8991246
15359231,63743,8991246
15359231,63743,8991246
15359231,63743,8991246
15359231,63743,8991246
15359231,63743,8991246
15359231,63743,8991246
15359231,63743,8991246
15359231,63743,8991246
15359231,63743,8991246
15359231,63743,8991246
15359231,63743,8991246
15359231,63743,8991246
15359231,63743,8991246
15359231,63743,8991246
15359231,63743,8991246
15359231,63743,8991246
15359231,63743,8991246
15359231,63743,8991246
15359231,63743,8991246
15359231,63743,8991246
15359231,63743,8991246
15359231,63743,8991246
15359231,63743,8991246
31756,110595,176367
31756,110595,176367
31756,110595,176367
31756,110595,176367
31756,110595,176367
31756,110595,176367
31756,110595,176367
31756,110595,176367
31756,110595,176367
31756,110595,176367
31756,110595,176367
31756,110595,176367
31756,110595,176367
31756,110595,176367
31756,110595,176367
31756,110595,176367
15661055,10229504,5899008
14872575,10229504,15345920
3722239,4464384,8001025
7906826,8774402,6463471
2795273,3224834,10627061
10132745,11077634,684789
3824137,120833,5408501
3297289,1170945,13257461
5379337,120833,134387
10097417,120833,1241586
12858633,120833,8549364
1726473,123905,139509
156937,10609409,4343029
11692553,6152961,2248949
9218825,13492225,13788661
11020554,120833,12211445
11413770,120833,6970613
16654346,120833,11686133
4329994,120833,1195509
3865865,120833,15870709
2930440,120833,11722996
14310664,120833,5925365
1591560,120833,10620406
1864198,16619778,3805956
5425157,124928,1190405
14483203,4318977,8537095
16018946,11646209,11675914
15474178,6882817,10637324
7102721,8233472,5400845
2028288,129279,2699278
57088,129279,5330958
7631104,129279,13720334
2630656,129279,5333261
4726528,129279,12683788
4071424,129279,15299340
14169600,129279,12663564
14961408,129279,14255628
15091712,129279,13730572
8791296,129279,4811019
14949632,129279,5839371
6298112,129279,10090506
4779006,1319681,10138115
846334,15213569,9611011
13428734,4199425,683779
13026302,2944512,1766912
4125182,59392,6967809
8026367,63743,6405125
12747775,63743,11646470
7769855,63743,5322759
955647,63743,12149511
2144767,63743,10027528
9182976,129279,6398474
9182976,129279,6398474
9182976,129279,6398474
9182976,129279,6398474
9182976,129279,6398474
9182976,129279,6398474
9182976,129279,6398474
9182976,129279,6398474
9182976,129279,6398474
9182976,129279,6398474
9182976,129279,6398474
9182976,129279,6398474
9182976,129279,6398474
9182976,129279,6398474
9182976,129279,6398474
9182976,129279,6398474
9182976,129279,6398474
9182976,129279,6398474
9182976,129279,6398474
9182976,129279,6398474
9182976,129279,6398474
9182976,129279,6398474
9182976,129279,6398474
9182976,129279,6398474
9182976,129279,6398474
9182976,129279,6398474
9182976,129279,6398474
9182976,129279,6398474
9182976,129279,6398474
9182976,129279,6398474
9182976,129279,6398474
9182976,129279,6398474
9182976,129279,6398474
9182976,129279,6398474
9182976,129279,6398474
9182976,129279,6398474
9182976,129279,6398474
9182976,129279,6398474
9182976,129279,6398474
9182976,129279,6398474
9182976,129279,6398474
9182976,129279,6398474
9182976,129279,6398474
9182976,129279,6398474
9182976,129279,6398474
9182976,129279,6398474
9182976,129279,6398474
9182976,129279,6398474
9182976,129279,6398474
9182976,129279,6398474
9182976,129279,6398474
9182976,129279,6398474
9182976,129279,6398474
9182976,129279,6398474
9182976,129279,6398474
9182976,129279,6398474
9182976,129279,6398474
9182976,129279,6398474
9182976,129279,6398474
9182976,129279,6398474
9182976,129279,6398474
9182976,129279,6398474
9182976,129279,6398474
9182976,129279,6398474
9182976,129279,6398474
9182976,129279,6398474
9182976,129279,6398474
9182976,129279,6398474
9182976,129279,6398474
9182976,129279,6398474
9182976,129279,6398474
9182976,129279,6398474
31756,110595,176367
31756,110595,176367
31756,110595,176367
31756,110595,176367
31756,110595,176367
31756,110595,176367
31756,110595,176367
31756,110595,176367
31756,110595,176367
31756,110595,176367
31756,110595,176367
31756,110595,176367
31756,110595,176367
31756,110595,176367
31756,110595,176367
31756,110595,176367
31756,110595,176367
31756,110595,176367
31756,110595,176367
31756,110595,176367
31756,110595,176367
31756,110595,176367
31756,110595,176367
31756,110595,176367
31756,110595,176367
31756,110595,176367
31756,110595,176367
31756,110595,176367
31756,110595,176367
7798015,10229504,131072
9633279,10229504,1716992
11861759,10229504,2260736
6225919,10229504,15923968
9764863,10755584,8008193
655360,10296832,11691521
8655372,374531,6479599
7087115,9797123,12243956
15105034,6883842,695541
1201162,120833,4893685
15603722,120833,4894965
13276679,120833,5928949
13528071,120833,9612533
14573319,120833,2798325
7355911,120833,12759029
1846535,120833,6991861
7870983,120833,8041973
14297093,124928,14307331
5390085,124928,5954051
5521925,124928,1765635
12994821,124928,14296324
13912837,124928,10629636
957957,124928,8582148
957957,124928,8582148
957957,124928,8582148
957957,124928,8582148
957957,124928,8582148
957957,124928,8582148
957957,124928,8582148
957957,124928,8582148
957957,124928,8582148
957957,124928,8582148
957957,124928,8582148
957957,124928,8582148
957957,124928,8582148
957957,124928,8582148
957957,124928,8582148
957957,124928,8582148
957957,124928,8582148
957957,124928,8582148
957957,124928,8582148
957957,124928,8582148
957957,124928,8582148
957957,124928,8582148
957957,124928,8582148
957957,124928,8582148
957957,124928,8582148
957957,124928,8582148
957957,124928,8582148
957957,124928,8582148
957957,124928,8582148
957957,124928,8582148
957957,124928,8582148
957957,124928,8582148
957957,124928,8582148
957957,124928,8582148
957957,124928,8582148
957957,124928,8582148
957957,124928,8582148
957957,124928,8582148
957957,124928,8582148
957957,124928,8582148
957957,124928,8582148
957957,124928,8582148
957957,124928,8582148
957957,124928,8582148
957957,124928,8582148
957957,124928,8582148
957957,124928,8582148
957957,124928,8582148
957957,124928,8582148
957957,124928,8582148
957957,124928,8582148
957957,124928,8582148
957957,124928,8582148
957957,124928,8582148
957957,124928,8582148
957957,124928,8582148
957957,124928,8582148
957957,124928,8582148
957957,124928,8582148
957957,124928,8582148
957957,124928,8582148
957957,124928,8582148
957957,124928,8582148
957957,124928,8582148
957957,124928,8582148
957957,124928,8582148
957957,124928,8582148
957957,124928,8582148
957957,124928,8582148
957957,124928,8582148
957957,124928,8582148
957957,124928,8582148
957957,124928,8582148
957957,124928,8582148
957957,124928,8582148
31756,110595,176367
31756,110595,176367
31756,110595,176367
31756,110595,176367
31756,110595,176367
31756,110595,176367
31756,110595,176367
31756,110595,176367
31756,110595,176367
31756,110595,176367
31756,110595,176367
31756,110595,176367
31756,110595,176367
31756,110595,176367
31756,110595,176367
31756,110595,176367
31756,110595,176367
31756,110595,176367
31756,110595,176367
31756,110595,176367
31756,110595,176367
31756,110595,176367
31756,110595,176367
31756,110595,176367
31756,110595,176367
31756,110595,176367
31756,110595,176367
31756,110595,176367
31756,110595,176367
982271,10229504,14349567
4914431,10229504,12718336
6749439,10229504,3819520
16710655,10229504,2791424
2555391,10229504,1703937
11272704,2694912,9074177
11796492,5347331,15917295
2384905,14780674,6443763
15223817,14774530,5404659
15611401,15552770,14850547
1450761,9775618,13811955
2757129,6683649,11726067
5957640,120833,2264564
14048776,120833,4384245
13912840,120833,6487541
4078088,120833,10096374
14162184,120833,141302
9832968,120833,3813878
4386311,120833,1721334
8446215,120833,8538870
2545159,120833,7491574
12598023,120833,12738549
2240775,120833,14305013
1066503,120833,4880628
541447,120833,4350708
2638855,120833,3833076
6046215,120833,9099508
10762503,120833,10679028
13379847,120833,2760693
7086087,120833,2249717
6822919,120833,1206517
12457991,120833,11696629
5905671,120833,11168501
14343,120833,11165172
16399623,120833,3288052
10632199,120833,10156019
9843975,120833,10657011
6043399,120833,1209075
16529927,120833,6966771
9846535,120833,143347
934919,120833,15340787
3692807,120833,2791666
15229447,120833,683506
16543751,120833,2242802
15514632,122881,5424886
5557000,122881,2265078
8312840,12181249,7495158
589320,120833,4384501
7737865,120833,1218805
2100489,122881,8000245
10487049,8773377,15922420
10022408,120833,5420020
5302280,120833,1745908
13948680,120833,14318836
13676040,120833,5390836
3453703,120833,139764
12361735,120833,14811892
11042567,120833,16438771
14180359,120833,10148339
15488519,120833,7996660
13258759,120833,6960884
14830343,120833,12740340
3948807,120833,16431348
15348487,120833,3338740
13118727,120833,14812917
9347591,120833,4350964
7777543,120833,15362548
9221895,120833,11692788
11321351,120833,10119412
13027335,120833,157172
13422343,120833,5937907
5543687,120833,4386289
8951303,120833,3325681
11835911,120833,10657521
9348103,120833,13798129
9613575,120833,2786289
2800391,120833,10649329
6996231,120833,11697137
13812743,120833,1735409
16434439,120833,9075185
7915015,120833,11694833
12109831,120833,3298545
5163527,120833,9575921
3852039,120833,15390704
2014983,120833,10128368
11419911,106498,4905702
5386247,106498,11714022
4989447,106498,15382246
136455,106498,4376294
3277575,106498,12770790
16278278,106498,8007655
14700806,106498,10626791
15745798,106498,14295015
13646086,106498,14818023
1454854,106498,10098663
4861702,106498,12719591
14036230,106498,660967
1322758,106498,3808231
9450758,106498,15871719
13260550,106498,3310823
8284422,106498,9612519
14317830,106498,1756903
166150,106498,8580583
8558342,106498,8522472
8692742,106498,4861160
2926598,106498,5394920
14586886,106498,5932008
12479238,106498,3317480
14190342,106498,9095655
6591494,106498,5418471
7641350,106498,3841767
7641350,106498,2793191
3445254,106498,2795495
15763462,106498,2801383
8290310,106498,10671591
9336838,106498,10152679
2648582,106498,2231016
2267398,106498,13286887
1352710,106498,13801959
6596870,106498,13789159
7252486,106498,4338919
13277190,106498,10623463
11702278,106498,10105575
11045126,106498,7490279
4358918,106498,2777063
8682758,106498,11694311
16420870,106498,4909542
3692806,106498,13263079
8803846,106498,14320359
1854982,106498,11711719
5130502,106498,15385319
6566918,106498,2785255
1848326,106498,9600231
1848326,106498,9600231
1848326,106498,9600231
1848326,106498,9600231
1848326,106498,9600231
3945734,106498,4882151
14301958,106498,8554983
9979654,106498,12755943
7493382,106498,9097703
8429062,106498,13242601
2141702,106498,6437865
10402054,106498,151785
3064582,106498,14835945
13028102,106498,8549097
10801926,106498,6456809
5298950,106498,6461673
11723526,106498,6465769
2026758,106498,2273769
7927302,106498,9087721
12907270,106498,4886249
11070470,106498,2263017
14869766,106498,12748777
14212870,106498,8031977
7920134,106498,1742825
13030662,106498,1221097
14340358,106498,175337
13815302,106498,12761065
4512518,106498,698857
13690118,106498,11176937
9176839,106498,3814889
14290951,106498,9051881
792839,106498,4328425
4595719,106498,2292456
6170119,106498,11200744
5384967,106498,8574696
16003591,106498,5944296
16266503,106498,14328552
8009735,106498,2266088
2257159,106498,12732392
2257159,106498,12732392
2257159,106498,12732392
2257159,106498,12732392
2257159,106498,12732392
2257159,106498,12732392
2257159,106498,12732392
2257159,106498,12732392
2257159,106498,12732392
2257159,106498,12732392
2257159,106498,12732392
2257159,106498,12732392
2257159,106498,12732392
2257159,106498,12732392
2257159,106498,12732392
2257159,106498,12732392
2257159,106498,12732392
2257159,106498,12732392
2257159,106498,12732392
2257159,106498,12732392
2257159,106498,12732392
2257159,106498,12732392
2257159,106498,12732392
2257159,106498,12732392
2257159,106498,12732392
2257159,106498,12732392
2257159,106498,12732392
2257159,106498,12732392
2257159,106498,12732392
2257159,106498,12732392
2257159,106498,12732392
2257159,106498,12732392
2257159,106498,12732392
2257159,106498,12732392
2257159,106498,12732392
2257159,106498,12732392
2257159,106498,12732392
2257159,106498,12732392
2257159,106498,12732392
2257159,106498,12732392
2257159,106498,12732392
2257159,106498,12732392
2257159,106498,12732392
2257159,106498,12732392
2257159,106498,12732392
2257159,106498,12732392
2257159,106498,12732392
2257159,106498,12732392
2257159,106498,12732392
2257159,106498,12732392
2257159,106498,12732392
2257159,106498,12732392
2257159,106498,12732392
2257159,106498,12732392
2257159,106498,12732392
2257159,106498,12732392
2257159,106498,12732392
2257159,106498,12732392
2257159,106498,12732392
2257159,106498,12732392
2257159,106498,12732392
2257159,106498,12732392
2257159,106498,12732392
2257159,106498,12732392
2257159,106498,12732392
2257159,106498,12732392
2257159,106498,12732392
2257159,106498,12732392
2257159,106498,12732392
2257159,106498,12732392
2257159,106498,12732392
2257159,106498,12732392
2257159,106498,12732392
2257159,106498,12732392
2257159,106498,12732392
2257159,106498,12732392
2257159,106498,12732392
2257159,106498,12732392
2257159,106498,12732392
2257159,106498,12732392
2257159,106498,12732392
2257159,106498,12732392
2257159,106498,12732392
2257159,106498,12732392
2257159,106498,12732392
31756,110595,176367
31756,110595,176367
31756,110595,176367
31756,110595,176367
31756,110595,176367
31756,110595,176367
31756,110595,176367
31756,110595,176367
31756,110595,176367
31756,110595,176367
31756,110595,176367
31756,110595,176367
31756,110595,176367
31756,110595,176367
31756,110595,176367
31756,110595,176367
31756,110595,176367
31756,110595,176367
31756,110595,176367
31756,110595,176367
31756,110595,176367
31756,110595,176367
31756,110595,176367
31756,110595,176367
31756,110595,176367
31756,110595,176367
31756,110595,176367
4913919,10229504,9633535
12252671,10229504,1188864
15527423,10229504,10641152
2286335,10229504,3321600
4641535,3153664,15339521
789515,90627,6981356
5305866,868867,2252268
16154890,5349122,7005931
8913930,15539714,8525803
8444169,120833,15375338
577801,120833,3303658
2410761,120833,10105578
8306953,120833,10681321
11711241,120833,14322921
14462217,120833,15357929
9873417,120833,9053673
2924297,120833,8571624
3446537,120833,10124776
14848521,120833,5922536
16154377,120833,1710056
9334537,120833,9569512
4199432,13455874,11196391
4068360,8742658,1237991
4068360,3245314,1764071
4068360,5350146,12250855
267272,3260930,11203559
133128,16058371,9047528
8126728,3736835,5380072
14988039,106498,14293992
15508743,106498,9052392
13928711,106498,3811560
10386439,106498,7482088
2650119,106498,2763752
9069575,106498,1191144
13916423,106498,2764008
937991,106498,12200936
4212487,106498,4336616
7094023,106498,5385192
5245703,106498,144872
399622,106498,11665897
14943238,106498,5435880
13169157,106498,7529192
15126789,106498,6474728
5551109,106498,8042216
14198277,106498,3845352
1874437,106498,3318504
2919941,106498,14850280
1999621,106498,1216744
16545797,106498,14845928
13397765,106498,3309800
9725701,106498,1735144
5791749,106498,9597672
1333765,106498,13790440
10272260,4050690,5434087
12107780,3264002,5958887
2634244,1438721,9599984
8532228,7725569,15904496
15216900,909057,7526640
142340,4052993,1199089
16525316,645121,7503601
7349764,120833,1753329
10256386,12958721,5898487
13261314,14778369,3848182
10767106,12932865,8559350
10632706,15804161,14844662
2372354,15069440,1207286
8006146,1422848,10112758
3410178,129279,4847093
5434881,129279,4792054
11855361,129279,3224310
7890434,129279,7953398
1995010,129279,13727990
9722114,129279,2704886
11191041,655103,15278072
11191041,655103,15278072
11191041,655103,15278072
11191041,655103,15278072
11191041,655103,15278072
11191041,655103,15278072
11191041,655103,15278072
11191041,655103,15278072
11191041,655103,15278072
11191041,655103,15278072
11191041,655103,15278072
11191041,655103,15278072
11191041,655103,15278072
11191041,655103,15278072
11191041,655103,15278072
11191041,655103,15278072
11191041,655103,15278072
11191041,655103,15278072
11191041,655103,15278072
11191041,655103,15278072
11191041,655103,15278072
11191041,655103,15278072
11191041,655103,15278072
11191041,655103,15278072
11191041,655103,15278072
11191041,655103,15278072
11191041,655103,15278072
11191041,655103,15278072
11191041,655103,15278072
11191041,655103,15278072
11191041,655103,15278072
11191041,655103,15278072
11191041,655103,15278072
11191041,655103,15278072
11191041,655103,15278072
11191041,655103,15278072
11191041,655103,15278072
11191041,655103,15278072
11191041,655103,15278072
11191041,655103,15278072
11191041,655103,15278072
11191041,655103,15278072
458753,265799,3147520
11191041,655103,15278072
11191041,655103,15278072
11191041,655103,15278072
11191041,655103,15278072
11191041,655103,15278072
11191041,655103,15278072
11191041,655103,15278072
11191041,655103,15278072
11191041,655103,15278072
11191041,655103,15278072
11191041,655103,15278072
11191041,655103,15278072
11191041,655103,15278072
11191041,655103,15278072
11191041,655103,15278072
11191041,655103,15278072
11191041,655103,15278072
11191041,655103,15278072
11191041,655103,15278072
11191041,655103,15278072
11191041,655103,15278072
11191041,655103,15278072
11191041,655103,15278072
11191041,655103,15278072
11191041,655103,15278072
11191041,655103,15278072
11191041,655103,15278072
31756,110595,176367
31756,110595,176367
31756,110595,176367
31756,110595,176367
31756,110595,176367
31756,110595,176367
31756,110595,176367
31756,110595,176367
31756,110595,176367
31756,110595,176367
31756,110595,176367
31756,110595,176367
31756,110595,176367
31756,110595,176367
31756,110595,176367
31756,110595,176367
31756,110595,176367
31756,110595,176367
11468031,10229504,193791
12451840,10295040,15862528
6031360,10295040,2767104
12460544,10295040,10670336
1718016,12131840,4336897
405771,13992451,7500530
13637643,618243,13795314
1311243,16601603,8553458
3337226,4534019,689394
448266,7406595,11699954
2924554,106498,10646770
4224778,106498,7493618
1201161,3796738,8560882
11538185,2954755,3340786
2682632,12451330,6439411
8053256,10872066,15884019
14603784,9028610,7502835
11583752,11103234,2800883
4765704,79618,2285811
2535176,8780545,9045236
3445512,120833,12216052
14058504,120833,10128116
6577160,120833,15907060
2537478,104448,3333624
961798,104448,2770425
8929798,8508161,8037118
4228357,12657921,2281215
11549957,124928,9068288
14958853,124928,15859972
285189,124928,4881924
5410053,124928,3823621
300549,124928,10124805
14311685,124928,3820550
834051,10089985,2779398
163843,6632194,3312901
2118915,6632194,8538117
2118915,6632194,8538117
16667651,6632194,6440965
5781251,6632194,15341829
9321986,124928,14821379
12727042,124928,15339267
11544834,124928,7532290
4724994,124928,5938690
15598082,124928,2765058
5388288,12953344,4326656
15742208,5316609,2812927
12606208,4836097,2801151
6707456,4549377,5942271
13262080,14808576,5939711
14033664,12446208,5939711
16261888,12446208,5939711
4334592,12446208,5939711
6439168,14542592,15352320
11418368,3009024,4340736
11281408,12446208,11672576
15344640,12446208,11672576
795904,12446208,11672576
5639168,16639744,13243393
4474878,2937857,10619138
7883006,822529,16435458
150014,13133057,14289155
8801022,59392,8582659
2771710,5040128,2776836
5655038,7641088,12226565
145407,63743,15277066
16008703,63743,3212042
13127423,63743,7466249
16274687,63743,646665
4741887,63743,643593
16408319,63743,116745
4482047,11598079,4833033
4483071,2685695,3782409
4224255,8977407,9542665
1083135,63743,129801
11701247,63743,14751754
37119,8977407,6893834
37631,12123135,7423498
11832831,12123135,7437834
297215,12123135,624394
11305471,12123135,12159754
12221950,63743,2200584
1208830,7624960,2261766
9074430,6574848,5937414
13666814,1333504,8553478
3313150,6053120,13792262
7098110,7104512,4869126
9720318,5010176,6431750
13654526,15764992,704261
7381758,588031,3745289
6609150,63743,2197001
15525886,63743,6901769
1242622,63743,14257416
1375486,63743,4790792
10754559,63743,6385415
7217407,63743,9522439
13641471,63743,6369031
11698174,63743,8506121
10239742,63743,10038792
7107582,543488,1226758
3826942,1112319,4784393
5692671,63743,5838090
315903,63743,12672522
4114943,2947327,6381066
16711167,63743,5321994
16711167,63743,5321994
16711167,63743,5321994
16711167,63743,5321994
16711167,63743,5321994
16711167,63743,5321994
16711167,63743,5321994
16711167,63743,5321994
16711167,63743,5321994
16711167,63743,5321994
16711167,63743,5321994
16711167,63743,5321994
16711167,63743,5321994
16711167,63743,5321994
16711167,63743,5321994
16711167,63743,5321994
16711167,63743,5321994
16711167,63743,5321994
16711167,63743,5321994
16711167,63743,5321994
16711167,63743,5321994
16711167,63743,5321994
16711167,63743,5321994
16711167,63743,5321994
16711167,63743,5321994
16711167,63743,5321994
16711167,63743,5321994
16711167,63743,5321994
16711167,63743,5321994
16711167,63743,5321994
16711167,63743,5321994
16711167,63743,5321994
16711167,63743,5321994
16711167,63743,5321994
16711167,63743,5321994
16711167,63743,5321994
16711167,63743,5321994
16711167,63743,5321994
16711167,63743,5321994
16711167,63743,5321994
16711167,63743,5321994
16711167,63743,5321994
16711167,63743,5321994
16711167,63743,5321994
16711167,63743,5321994
16711167,63743,5321994
16711167,63743,5321994
16711167,63743,5321994
16711167,63743,5321994
16711167,63743,5321994
16711167,63743,5321994
16711167,63743,5321994
16711167,63743,5321994
16711167,63743,5321994
16711167,63743,5321994
16711167,63743,5321994
16711167,63743,5321994
16711167,63743,5321994
16711167,63743,5321994
16711167,63743,5321994
16711167,63743,5321994
16711167,63743,5321994
16711167,63743,5321994
16711167,63743,5321994
16711167,63743,5321994
16711167,63743,5321994
16711167,63743,5321994
16711167,63743,5321994
16711167,63743,5321994
16711167,63743,5321994
16711167,63743,5321994
16711167,63743,5321994
16711167,63743,5321994
16711167,63743,5321994
16711167,63743,5321994
16711167,63743,5321994
16711167,63743,5321994
16711167,63743,5321994
31756,110595,176367
31756,110595,176367
31756,110595,176367
31756,110595,176367
31756,110595,176367
31756,110595,176367
31756,110595,176367
31756,110595,176367
31756,110595,176367
31756,110595,176367
31756,110595,176367
31756,110595,176367
31756,110595,176367
31756,110595,176367
31756,110595,176367
31756,110595,176367
31756,110595,176367
31756,110595,176367
31756,110595,176367
31756,110595,176367
31756,110595,176367
31756,110595,176367
31756,110595,176367
31756,110595,176367
4521215,10229504,1705984
10288639,10229504,14319872
1572864,4792064,9067777
11536396,628995,13813743
9232650,3492099,4375534
6081802,13968899,3853294
15487498,106498,15339503
6560522,106498,1231854
6556426,106498,4360430
7210506,106498,10117358
11928586,106498,9588462
3539722,106498,5389806
7602186,106498,9051374
3604233,106498,8522990
14942730,106498,660718
3811338,106498,4333038
8399626,106498,11199981
15214346,106498,13807597
3415818,106498,13797101
12063498,106498,4354541
1443850,106498,14313197
4390153,106498,6446829
6746889,106498,11687405
9497097,106498,6442221
14082569,106498,15352301
2022409,106498,16398317
5821961,106498,143341
5034249,106498,11151085
12897289,106498,8527597
14859273,106498,1706221
11464200,16638465,5953260
2277896,120833,3300589
5259016,120833,8049905
7224328,120833,4858098
14080263,116738,11174916
5429511,116738,8050948
2676743,116738,664837
7127815,116738,152838
5684999,116738,1738758
8043271,116738,5420806
11056903,116738,2810374
6730247,116738,14288135
1354503,116738,10624263
828167,116738,141575
9607943,116738,6434311
431367,116738,8532487
5017351,116738,668935
13795079,116738,5388039
15885063,116738,6961159
7361799,116738,7485703
14323462,13744642,13810950
12482054,632578,12754950
15883782,16615938,3311622
7096582,4548354,1211654
12334598,7158786,4357894
9990,68354,12749830
13375494,7983873,1219334
11930374,4822529,5414150
4118533,124928,4372742
7527429,124928,3314694
8845317,124928,12240646
919302,124928,7996423
3149062,124928,10101511
7737862,124928,12731143
11539974,124928,6973447
11671302,124928,10130951
10491654,124928,1764615
795910,124928,15395079
795910,124928,15395079
926470,124928,4908551
3804678,124928,15902727
5376518,124928,7508231
8783622,124928,687111
8258822,124928,10119431
13901062,124928,12234759
5384710,124928,5950215
6043654,124928,4904199
15090950,124928,10668295
11291398,124928,12753415
2508550,124928,682503
6569222,124928,13781511
9057030,124928,11677959
7350790,124928,9050631
5251590,124928,4326407
3021574,124928,2289414
660742,124928,187398
15470342,124928,4377350
14027526,124928,10140678
6309382,125952,1711110
3162374,16640768,4896005
7224838,1435648,12748805
2767622,124928,9592581
8140550,124928,8534021
12071686,124928,9049349
1454086,124928,7009796
6171654,124928,13818628
10627078,124928,14861572
4077062,124928,4864261
4206598,124928,135173
15345414,124928,11727108
1051654,124928,7002628
7534597,124928,9103620
3451397,124928,12241157
3451397,124928,12241157
3451397,124928,12241157
3451397,124928,12241157
6455045,124928,6476037
5924870,14542848,9103110
7106310,1959936,8536071
11463429,75778,7482896
16177925,75778,1714448
10800645,75778,3804176
835589,75778,8039439
2012933,75778,12734479
5945349,75778,140815
14990341,600066,10621711
12239109,75778,720654
12502533,75778,4385550
322053,75778,12193807
11071749,75778,706062
5261574,124928,6980871
1988358,124928,11682311
795142,124928,8546308
15505414,124928,14292996
7513606,124928,5393412
1745670,124928,13255176
13934086,124928,14847496
14316294,1965312,10622986
14062598,642817,2801675
11027718,1910018,15905549
7749382,600066,5386510
10632454,75778,11170318
3947270,75778,12251406
5257478,75778,13773327
12203014,75778,678671
2501894,75778,1212431
14689286,75778,9084943
10886150,75778,1752847
10884102,75778,13818895
6950150,75778,7011343
3278598,75778,4332560
6029830,75778,4864528
14482949,75778,15357456
4914181,75778,10645776
14612485,75778,6463504
10024709,75778,3322896
3208709,75778,5424400
10810373,75778,11719440
5564421,75778,16388369
15906053,75778,14303249
13152261,75778,12199697
6726405,75778,11665937
9214469,75778,1243408
1464837,75778,11203856
12863748,75778,6461457
11154692,75778,1214737
13509380,75778,11695633
3674884,75778,16409873
3670788,75778,1202961
11989763,75778,11686673
13296643,75778,9064977
12768771,75778,8017937
6474243,75778,5925649
1228803,75778,4359697
14592515,75778,4378641
1483011,75778,16445201
14981123,75778,4328466
6984195,75778,2237970
458753,267379,3147520
15891203,75778,16433682
15891203,75778,16433682
15891203,75778,16433682
15891203,75778,16433682
15891203,75778,16433682
15891203,75778,16433682
15891203,75778,16433682
15891203,75778,16433682
15891203,75778,16433682
15891203,75778,16433682
15891203,75778,16433682
15891203,75778,16433682
15891203,75778,16433682
15891203,75778,16433682
15891203,75778,16433682
15891203,75778,16433682
15891203,75778,16433682
15891203,75778,16433682
15891203,75778,16433682
15891203,75778,16433682
15891203,75778,16433682
15891203,75778,16433682
15891203,75778,16433682
15891203,75778,16433682
15891203,75778,16433682
15891203,75778,16433682
15891203,75778,16433682
15891203,75778,16433682
15891203,75778,16433682
15891203,75778,16433682
15891203,75778,16433682
15891203,75778,16433682
15891203,75778,16433682
15891203,75778,16433682
15891203,75778,16433682
15891203,75778,16433682
15891203,75778,16433682
15891203,75778,16433682
15891203,75778,16433682
15891203,75778,16433682
15891203,75778,16433682
15891203,75778,16433682
15891203,75778,16433682
15891203,75778,16433682
15891203,75778,16433682
15891203,75778,16433682
15891203,75778,16433682
15891203,75778,16433682
15891203,75778,16433682
15891203,75778,16433682
15891203,75778,16433682
15891203,75778,16433682
15891203,75778,16433682
15891203,75778,16433682
15891203,75778,16433682
15891203,75778,16433682
15891203,75778,16433682
15891203,75778,16433682
15891203,75778,16433682
15891203,75778,16433682
15891203,75778,16433682
15891203,75778,16433682
15891203,75778,16433682
15891203,75778,16433682
15891203,75778,16433682
15891203,75778,16433682
15891203,75778,16433682
15891203,75778,16433682
15891203,75778,16433682
15891203,75778,16433682
15891203,75778,16433682
15891203,75778,16433682
15891203,75778,16433682
15891203,75778,16433682
31756,110595,176367
31756,110595,176367
31756,110595,176367
31756,110595,176367
31756,110595,176367
31756,110595,176367
31756,110595,176367
31756,110595,176367
31756,110595,176367
31756,110595,176367
31756,110595,176367
31756,110595,176367
31756,110595,176367
31756,110595,176367
31756,110595,176367
31756,110595,176367
31756,110595,176367
64767,10229504,192767
64767,10229504,192767
64767,10229504,192767
64767,10229504,192767
64767,10229504,192767
64767,10229504,192767
64767,10229504,192767
64767,10229504,192767
64767,10229504,192767
64767,10229504,192767
64767,10229504,192767
64767,10229504,192767
64767,10229504,192767
64767,10229504,192767
64767,10229504,192767
64767,10229504,192767
64767,10229504,192767
64767,10229504,192767
64767,10229504,192767
64767,10229504,192767
64767,10229504,192767
64767,10229504,192767
64767,10229504,192767
64767,10229504,192767
64767,10229504,192767
64767,10229504,192767
11823116,11656195,1753583
9443852,9277188,4327152
14338571,12664325,13782256
8812811,16115973,13800688
9446923,12947462,4382448
15651082,13185543,2763249
8659722,11101704,9618417
11192585,10352392,1709042
28169,15302921,3826930
8261641,328970,178162
1618184,6914058,7474163
3704583,5094923,2233332
15081223,11867148,10120948
8435206,3497996,14863348
16402950,892940,1190901
4775173,7721740,2788597
6450437,10877196,3862517
3865348,12652813,4871414
16125700,2167821,9053431
1580803,14013196,5962999
6071554,6134028,16411384
8661250,2968588,12770296
9087745,5630731,12734201
6302465,13726987,15909881
16558080,9824778,7486458
5645312,9783306,4371962
6462975,11046409,7483899
1316095,11057928,1224955
6457598,5819911,2241020
4258557,8176902,11711740
8705788,12081924,10142717
13648124,325634,675838
7519483,9755905,5945086
8681979,7110145,1234174
15237115,3697665,2803966
15237115,3697665,2803966
15237115,3697665,2803966
15237115,3697665,2803966
15237115,3697665,2803966
15237115,3697665,2803966
15237115,3697665,2803966
15237115,3697665,2803966
15237115,3697665,2803966
15237115,3697665,2803966
15237115,3697665,2803966
15237115,3697665,2803966
15237115,3697665,2803966
15237115,3697665,2803966
15237115,3697665,2803966
15237115,3697665,2803966
15237115,3697665,2803966
15237115,3697665,2803966
15237115,3697665,2803966
15237115,3697665,2803966
15237115,3697665,2803966
15237115,3697665,2803966
15237115,3697665,2803966
15237115,3697665,2803966
15237115,3697665,2803966
15237115,3697665,2803966
15237115,3697665,2803966
